1284 5
528 -1.2161369 -0.2819055 -0.23410766 0.028556686 0.5867211
104 -0.7065262 -0.7728917 -0.5107787 0.18132196 0.8194608
589 -0.8835672 0.18310747 -1.1359814 0.23158622 1.1616588
624 -1.3438234 -0.140402 0.5288724 -0.07958898 1.0758401
231 -1.2369287 -0.28559074 -0.28579602 -0.03596726 0.6346135
799 -1.2490218 -0.24723856 -0.28557277 -0.0007979474 0.5793489
358 -1.2450916 -0.25558695 -0.2685863 -0.016315687 0.6113273
444 -1.2253215 -0.23221794 -0.23340493 0.015192961 0.58710885
687 -0.7380886 -0.83755386 -0.6458632 0.04851853 1.0060054
291 -0.59497875 -0.6241148 -0.4379497 0.47749004 0.6046292
957 -0.716399 -0.82698506 -0.6112031 0.0689633 0.9962406
568 -1.815441 0.6879084 0.9551001 0.4717009 0.6236642
1206 -0.5977272 -0.6187971 -0.4839303 0.47306064 0.6129812
706 -1.1585914 0.29727164 0.49606603 0.45036444 0.6541819
856 -1.2718931 -0.233956 -0.56044143 -0.15523507 0.83776766
542 -1.5018928 -0.07150927 0.14741026 -0.15593046 0.84973186
448 -0.5287 -0.044343114 -0.18117695 0.27822325 1.5109507
233 -1.1606688 -0.027039679 0.7776796 0.66890717 0.39762062
431 -0.5727402 -0.7433082 -0.76347387 0.5345766 0.72128206
326 -0.5695187 -0.7449672 -0.8295947 0.57288146 0.6795481
340 -1.1581737 0.025793524 0.7896282 0.695733 0.41311365
662 -1.3362254 0.29392886 -0.8056474 0.3353632 0.33186686
559 -0.5399873 -1.1039962 -0.19328426 -0.08111653 1.5911835
473 -0.9159778 0.042333394 0.6364968 0.2669209 1.2913038
725 -0.92042416 0.064794235 0.6400704 0.24702446 1.3529952
584 -0.4020606 -0.5375195 -0.07418399 0.5840867 0.8583054
327 -1.2233179 -0.43162203 0.91617477 0.41901466 0.70043594
753 -0.9074339 0.027001165 0.63818705 0.24538861 1.3129128
17 -1.1980829 -0.20036562 0.051629033 -0.124571055 0.9828527
256 -1.1401336 -0.50050354 0.952676 0.47396356 0.6836696
485 -1.1343644 -0.51704556 0.8742939 0.45198336 0.6556389
952 -1.1856745 -0.47248515 0.9204358 0.4615522 0.6298459
363 -1.4353434 -0.8505495 0.9927943 -0.117316335 1.1957935
185 -1.1850032 -0.9976161 -0.5482316 -0.04839931 0.6625205
40 -1.1273526 -0.5223156 0.90995616 0.47736406 0.6426334
563 -1.2602465 0.3692154 0.98095995 0.21330848 1.7323781
135 -1.2666461 -0.5743566 -0.25478104 0.3706315 0.0802694
402 -1.1452649 0.76028574 0.69164115 0.647728 0.99233866
137 -1.1579652 0.14387116 -0.9091775 0.5655009 0.26850748
791 -1.3869638 -0.18248588 0.057173222 -0.2687226 1.1101509
75 -1.1875265 -0.5199597 0.97806805 0.4973215 0.626112
477 -1.1328146 -0.5434026 0.9317297 0.48094925 0.6625051
191 -1.4070486 -0.18249083 0.03730915 -0.27477238 1.0948551
337 -1.2605454 -0.5568273 -0.2641481 0.3501786 0.10960089
1119 -1.3065406 -0.78231543 0.19744399 -0.030100092 0.70954436
768 -1.4200618 0.2728703 1.0488892 0.86213493 0.36713338
742 -0.58575004 0.3159121 -0.418975 0.20047039 2.2837224
884 -0.31172785 -0.64078474 -0.1404003 0.64233154 1.1034503
113 -0.5821339 0.2897376 -0.37099728 0.2351129 2.0807188
649 -1.4793824 0.25858286 1.0255512 0.80250424 0.33552355
417 -0.56797475 0.25153297 -0.38413686 0.1967378 2.2038414
382 -2.0604157 0.5242099 0.24888545 -0.06406461 0.79163885
980 -1.8784796 0.22481368 0.57572234 0.6003222 -0.13849221
782 -1.1118944 0.438694 0.9098354 0.23383118 1.8519223
867 -0.29342243 -0.71363384 -0.13921385 0.62542796 1.1165252
283 -0.67615324 -1.5931467 -0.6481901 -0.5778679 2.4499393
376 -0.63122374 -1.5269867 -0.6350396 -0.45934463 2.3262365
668 -1.1135614 0.40588015 0.9696093 0.2293865 1.9316156
377 -1.687987 0.72383535 0.18070851 0.3432882 0.44293913
424 -1.0560158 -0.9122721 0.035468396 -0.120703675 1.0623161
676 -1.1587772 -1.8771402 0.3038062 -0.05156104 0.7959469
37 -1.6257616 -0.22583018 1.3007456 0.50785005 0.6552446
707 -0.72590494 -0.63856936 1.0029223 0.5914865 1.093279
747 -0.7533302 -0.57880056 0.93722737 0.57114035 1.0121794
83 -1.7357394 0.6913778 0.20748773 0.3661569 0.35800156
142 -2.1653593 0.09536429 0.61367655 0.15232585 0.14030363
373 -1.5642352 0.2702821 -1.1728233 -0.15643576 0.94166535
207 -0.73303866 -0.6585155 1.014069 0.5839484 1.107225
80 -1.087709 0.3648839 0.88722235 0.22666383 1.7896515
281 -1.1281145 0.38232818 0.9332454 0.23499532 1.8098253
426 -0.14604534 0.5355451 -0.19647104 1.5789628 1.0839696
667 -0.73737544 -0.63905793 0.9779042 0.58935803 1.0558945
663 -0.73685247 -0.6212453 0.9850913 0.56138504 1.0787905
672 -1.5040463 -1.2365695 -1.1546922 -0.41197777 1.088035
1037 -0.9090079 -1.8610798 0.1723135 -0.109962 1.1258118
754 -0.49927902 0.49728015 -1.4187382 1.3124787 1.2932117
1077 -0.73644245 -0.71544236 0.997112 0.5564407 1.0807071
85 -1.630745 -0.39484555 1.3352432 0.45938766 0.6863018
1034 -1.6628195 -0.33845204 1.3138264 0.41967064 0.7111371
47 -0.73905706 -0.6215895 0.9645544 0.55924904 1.0631891
89 -0.7366695 -0.63688695 0.9824086 0.5647248 1.0750407
658 -0.7359814 -0.6752085 0.97985584 0.55758595 1.0860978
335 -0.15050416 0.514416 -0.19683579 1.5698104 1.0620022
1075 -0.90281755 -1.8619938 0.2170197 -0.09492581 1.1143658
1205 -1.4274586 1.2234759 -0.5761679 0.6343609 0.7389065
41 -0.24749458 -2.53554 -0.932653 0.49874473 1.8885012
965 -1.411143 0.06819067 0.31397748 0.55850387 0.061737273
445 -1.6998761 -0.07957649 -0.15611629 -0.6606174 1.7605935
342 0.022674099 -0.4355764 -0.7491362 1.8596252 1.4939257
907 -1.689921 -0.3366172 1.3690249 0.43571752 0.7105517
631 -0.7246001 -0.70576096 0.97785795 0.57061654 1.0516015
74 -0.15239726 0.5083862 -0.19660673 1.5525106 1.0832351
116 -1.6280546 -0.34362707 1.2878289 0.45208055 0.6471753
1239 -1.1005414 -0.8098099 -0.6292816 0.41642734 0.20225821
614 -0.7310218 -0.6811334 0.9851927 0.5746669 1.0645821
217 -0.727095 -0.67201275 0.99370366 0.6050403 1.0261799
404 -0.73371655 -0.6611917 0.96948147 0.5744548 1.0532973
36 -1.0541276 -0.8453904 -0.57358116 0.45141152 0.18350805
288 -2.0302677 -0.5355729 0.5205702 1.3373753 -0.87996835
785 -1.0558627 -0.8174088 -0.59167427 0.44524118 0.1979681
1277 -1.1174845 -2.578333 -1.2108812 0.44129384 0.5855276
35 -0.7257708 -0.65223825 0.965634 0.6121467 1.0103232
287 -1.0800687 -0.8609939 -0.6071424 0.45311937 0.18360366
222 -0.68858004 -0.66978574 0.31978896 1.3376449 -0.013258034
456 -1.9992789 -0.5373624 0.50277877 1.3369849 -0.87758243
751 -1.0632885 -0.8698554 -0.5907707 0.4507267 0.19456673
851 0.051052164 -0.4394684 -0.6872908 1.9240257 1.5278667
30 0.11859402 -0.28775305 -0.6348999 2.1132452 1.6216015
660 -1.7901468 -0.33103925 -0.43086466 0.33096656 -0.1678818
1278 -1.7516645 -0.37006462 -0.43290874 0.3305381 -0.14456335
174 -1.0734606 -0.8814572 -0.60787845 0.45746115 0.18267304
870 -1.45615 -1.2842175 -1.1152097 -0.40803516 1.0933056
253 0.055880457 -0.4265287 -0.76445377 1.9961288 1.491018
892 0.07542541 -0.33058614 -0.67121166 1.9899304 1.6319705
469 0.07802232 -0.29749894 -0.6994074 2.0190637 1.646479
616 0.07699807 -0.33260906 -0.69268197 2.0093083 1.5821145
155 -1.875747 -0.36284485 -0.48237798 0.38805753 -0.2583601
254 0.09307832 -0.353949 -0.6605689 2.0127501 1.6371778
504 -0.10138483 -0.27267435 -0.8686927 1.7047532 1.5928917
401 0.11566597 -0.37807322 -0.70795536 2.1077867 1.6105223
216 0.1028956 -0.34081233 -0.6965708 2.072735 1.6272286
209 0.108305894 -0.3253262 -0.6756169 2.0831947 1.6413828
1221 0.08129692 -0.32055852 -0.6854016 2.0327866 1.6050434
439 0.09092749 -0.34161606 -0.6987587 2.0511773 1.6019707
901 0.070326895 -0.34457713 -0.70455885 1.9924054 1.6384727
603 0.0873928 -0.30628484 -0.68310416 2.0347807 1.6003451
897 0.10099241 -0.28155324 -0.6499339 2.0557792 1.6541761
698 -1.6910274 -0.2710954 1.2619071 0.44815972 0.5939003
63 0.06841089 -0.29709506 -0.72553086 2.0175402 1.5941428
506 0.095429905 -0.34677273 -0.68040717 2.0421777 1.6093811
1263 0.086831406 -0.29349706 -0.6936392 2.039621 1.6688913
898 0.05653268 -0.29779097 -0.7476514 2.0086339 1.5900053
671 0.095452674 -0.3302919 -0.6941299 2.0583272 1.6529503
198 0.09833623 -0.34744745 -0.6625157 2.0299098 1.6406623
935 0.10878303 -0.3487911 -0.6701409 2.0721707 1.6343309
937 0.10590118 -0.31842342 -0.6793796 2.0849645 1.6213641
236 0.092275694 -0.31658557 -0.69813555 2.0519521 1.6159599
849 0.08777051 -0.33288816 -0.7106576 2.0535576 1.6197075
1236 0.06983667 -0.29799375 -0.7327268 2.047607 1.5874302
76 -1.6774368 -0.2811769 1.3095946 0.4533756 0.6466901
786 0.11203202 -0.30545437 -0.6372393 2.068797 1.6871334
507 0.09075987 -0.287025 -0.7076585 2.0523744 1.6414467
1183 0.07914256 -0.3529771 -0.7024168 1.9977351 1.6168691
915 0.08346562 -0.27635562 -0.69013804 2.0393407 1.630368
276 0.097566195 -0.27844745 -0.68630195 2.1024241 1.5848016
154 0.07380556 -0.33122534 -0.7146625 2.0031738 1.642419
932 0.07651223 -0.2871477 -0.70442426 2.034938 1.620492
673 0.09363384 -0.30164576 -0.66158783 2.052567 1.6404136
122 0.123964235 -0.3391747 -0.64420694 2.1232047 1.6197811
886 0.07557572 -0.2678589 -0.64608175 1.9921072 1.6411482
789 -1.6014727 0.42858335 0.2694668 0.08822826 0.7572687
852 0.105379514 -0.27611673 -0.7067352 2.124359 1.5912734
848 0.09775448 -0.32071412 -0.67431414 2.057237 1.6238071
1250 0.08492249 -0.32363778 -0.6952634 2.0274346 1.5892824
1200 0.05536083 -0.35346317 -0.72696835 1.9743596 1.5823796
1117 0.108589135 -0.32567716 -0.65385306 2.0653207 1.6627918
172 0.1299212 -0.33444434 -0.63318205 2.1228948 1.6735183
773 0.10455076 -0.38505298 -0.6864511 2.0681095 1.6215914
464 -2.1896052 0.47694883 -0.9080881 0.6946833 -0.4606811
992 0.09581739 -0.3154405 -0.651264 2.0289552 1.6483508
850 0.09874269 -0.36333755 -0.67407525 2.0530977 1.6301494
521 0.09175761 -0.3470373 -0.69004637 2.052209 1.6494005
407 0.080089755 -0.33881435 -0.69028836 2.014837 1.6412041
895 0.07368046 -0.33493513 -0.6870368 1.9956388 1.6625414
367 0.07759309 -0.31982848 -0.69554186 2.031202 1.6234113
360 0.10205836 -0.31135017 -0.6865551 2.0631037 1.6723363
998 0.07358439 -0.32164475 -0.6840336 1.9881263 1.6336814
822 0.07357137 -0.31841192 -0.6956568 1.9921681 1.6250045
648 -1.3040144 -0.27886206 -0.15978663 -0.61151385 1.9211882
487 0.06588275 -0.36513594 -0.746089 1.9906732 1.5982057
704 0.07441159 -0.34687623 -0.6954435 1.9892849 1.6181141
925 0.0946722 -0.33655187 -0.6635206 2.0446844 1.615787
916 0.098600544 -0.3440082 -0.6851916 2.0554209 1.6046025
223 0.100792736 -0.28026885 -0.6764827 2.08362 1.6308974
32 0.10005546 -0.28358617 -0.64917165 2.0654294 1.6436074
1032 0.09347242 -0.29691198 -0.6842471 2.0426662 1.6647125
581 0.07555206 -0.33815876 -0.7121032 2.016155 1.6288795
1198 -0.43105876 -2.480646 1.7245181 0.42463747 2.282675
203 0.09893051 -0.301258 -0.6742627 2.0722651 1.6230861
552 0.111654215 -0.26973364 -0.64976054 2.0921144 1.673181
610 -1.0565608 -1.2885218 0.15891579 -0.28682727 1.2392095
1182 0.06299076 -0.36713058 -0.6906933 1.9416585 1.6660603
793 0.07564315 -0.3466534 -0.68948865 2.0111022 1.6011437
513 0.10687878 -0.3464846 -0.7037714 2.087453 1.6244464
514 -0.10877058 -0.1887733 -0.9488808 1.6580571 1.6888353
804 0.06259306 -0.3079886 -0.7358577 2.0048609 1.5861784
1033 0.102094986 -0.2760428 -0.65707606 2.063451 1.6693952
893 0.07774415 -0.34439158 -0.6672813 1.9746509 1.6440468
461 -1.7410163 -0.8774511 0.29406446 -0.28855726 0.7505546
902 0.06640401 -0.30686548 -0.7234658 2.0105574 1.6232674
1213 0.08707372 -0.2908208 -0.64094853 2.0088038 1.6197499
1018 0.089304045 -0.37278864 -0.71104765 2.042632 1.6075245
165 0.074081615 -0.27604547 -0.70196605 2.025053 1.6297897
403 0.0928785 -0.27616724 -0.69787014 2.058912 1.6450539
204 0.12122377 -0.29759863 -0.6596874 2.1287768 1.5976299
934 0.104281895 -0.31224123 -0.67924255 2.0914092 1.6245918
334 -1.7424469 -0.89583826 0.26789153 -0.3206125 0.81154835
657 -0.10607029 -0.18956746 -0.97552705 1.6818029 1.701004
930 0.10168502 -0.31040946 -0.66988695 2.0680997 1.6181078
126 0.06533549 -0.3254916 -0.65268624 1.9653378 1.5819787
904 0.09314407 -0.30027646 -0.6773313 2.042879 1.6657637
323 -1.0735639 0.25203198 0.041208763 0.0781091 1.1457347
600 -1.4970642 -0.7987509 0.44723198 0.35568243 0.04461111
699 0.07745963 -0.34903368 -0.71416914 2.0120928 1.6028847
200 0.04783017 -0.33224306 -0.7184447 1.9339838 1.6568531
141 0.10487709 -0.32757083 -0.68442756 2.0965128 1.6276692
213 -0.10896807 -0.2083618 -0.93590856 1.6100626 1.7738583
1176 0.09646448 -0.2947054 -0.64527303 2.0580134 1.5978283
912 0.09633692 -0.335275 -0.6581633 2.040985 1.6474503
540 0.09620937 -0.30125198 -0.6341282 2.0350173 1.6713758
803 0.0766079 -0.29244086 -0.7033804 2.0255227 1.6418078
266 0.07927946 -0.3274333 -0.710272 2.025437 1.6212554
313 0.08111616 -0.34058025 -0.6740488 2.0062535 1.6088495
936 0.074563496 -0.3075676 -0.69958085 1.999848 1.6601071
279 0.10762747 -0.29626495 -0.6793026 2.0963628 1.678031
903 0.08394249 -0.29997778 -0.6792374 2.0198615 1.6299568
532 -1.9801129 -0.5452252 0.5309135 1.2386589 -0.82501405
304 0.0723145 -0.3390191 -0.7294094 2.011176 1.6152241
1255 -0.15898015 -0.2576325 -1.0399042 1.548869 1.7227443
188 0.09003044 -0.3213796 -0.70181054 2.041312 1.6265388
433 -0.13339241 -0.2054246 -0.95761853 1.5770531 1.7712102
133 -0.13820127 -0.21808814 -0.9984719 1.5725458 1.7983445
900 0.09687656 -0.30379814 -0.69749594 2.0625648 1.6409947
211 0.10911153 -0.27088723 -0.6218437 2.0697072 1.6793606
1116 0.062495526 -0.31089383 -0.715224 1.9765546 1.6263692
905 -0.121531114 -0.22397505 -0.93905765 1.5932481 1.7216763
498 -0.06430971 -0.3340339 -0.9720619 1.7983053 1.4197615
1238 -0.14763835 -0.20192438 -1.0217453 1.5830334 1.7164317
991 -0.15320587 -0.1703537 -1.0062729 1.5587246 1.7826679
259 -0.8735581 0.38759583 -1.3852212 2.2704253 -0.14392844
29 -0.11664439 -0.30332527 -0.97354233 1.6155887 1.7031057
490 -0.11457855 -0.2023878 -0.9892185 1.6671146 1.6798402
911 0.104604065 -0.34590417 -0.6525215 2.0424218 1.6223356
738 -0.11968368 -0.23344475 -0.975865 1.6120214 1.7377094
736 -0.13133872 -0.14540529 -1.0076824 1.6288018 1.8009653
973 -0.10344972 -0.20954797 -0.9392341 1.6565654 1.6825515
1035 -0.13346131 -0.247436 -0.9677112 1.5451264 1.8260571
910 0.07968727 -0.30028728 -0.6853421 2.0180042 1.6174502
1243 -0.12370649 -0.20005602 -0.955725 1.6263458 1.7042464
807 -0.13580297 -0.2282997 -0.9938382 1.5821122 1.7427051
171 -0.11969905 -0.13568105 -0.9669714 1.6494952 1.7544849
1214 -0.0584467 -0.39259943 -1.1460315 1.930116 1.3926454
573 -0.08628815 -0.1703811 -0.8652794 1.7030039 1.5884829
472 -0.12967807 -0.15671352 -0.9380083 1.5861607 1.7940027
1069 -0.107368104 -0.20341234 -0.9445547 1.6580335 1.7173612
982 -0.13818355 -0.1949459 -0.9615595 1.5657955 1.7621386
933 -1.7490296 -0.8910689 0.30094886 -0.28567564 0.73957723
1240 -2.146134 0.49806425 -0.86514235 0.7216562 -0.46273634
252 -0.11956708 -0.22295283 -0.9325796 1.5969374 1.7006327
1053 -0.10965985 -0.20729993 -0.9423431 1.638447 1.7210277
428 -1.0516156 -1.2134013 0.11779991 -0.2465108 1.1621491
446 -0.10868691 -0.21718086 -0.95567936 1.6421255 1.7061195
452 -1.0478882 -1.2324361 0.16648458 -0.23886156 1.1809474
944 -1.5906428 0.4774392 0.16736531 0.05169492 0.8356249
954 -0.1221088 -0.16403121 -0.8925656 1.5919622 1.7617033
1020 -0.06754315 -0.41610652 -1.1735507 1.9128417 1.4118662
1171 -0.0869998 -0.44468048 -0.95244074 1.6830696 1.4427677
453 -0.13782108 -0.22105026 -0.99671763 1.5801231 1.7131658
993 -0.11876969 -0.17514578 -0.98155 1.6565654 1.7280245
149 -0.1290711 -0.22559449 -1.0136535 1.630332 1.7263863
405 -2.0737157 0.49642566 -0.8095334 0.7074351 -0.42379117
797 -0.095962934 -0.15738972 -0.9613373 1.7204468 1.6954108
1179 -1.7522095 -0.93795687 0.32545266 -0.27834022 0.74397576
1056 -0.12743081 -0.1752089 -0.9733291 1.6319454 1.7284805
729 -0.13381492 -0.24099447 -0.99097276 1.5944128 1.7291392
1203 -0.11560045 -0.22298902 -0.9854088 1.654869 1.6776868
1254 -0.11482994 -0.25178093 -0.9868038 1.6401763 1.7005738
301 -0.11765521 -0.24030411 -0.98850083 1.6411699 1.6770967
484 -1.5730915 0.32743356 -1.7931718 0.61795235 0.4571399
1265 -0.114682645 -0.16174142 -0.93383074 1.6363411 1.7259765
243 -0.11890523 -0.18841442 -0.9586764 1.6336945 1.7037807
743 -0.0980128 -0.42063776 -1.00014 1.6895579 1.4173604
683 -0.06007612 -0.3820563 -1.1472663 1.918057 1.440189
23 -0.1323 -0.2251925 -1.0316364 1.6263741 1.6999646
810 -0.10531219 -0.21177594 -0.9461002 1.6539369 1.7245857
152 -0.07459956 -0.3753269 -1.134344 1.8721503 1.4603015
1237 -0.12255755 -0.24919362 -0.9886526 1.6100775 1.7562922
983 -0.11801181 -0.19481103 -0.9785356 1.6286328 1.7389107
1062 -0.08299493 -0.35622394 -0.92005795 1.7070311 1.4323574
205 -1.6966262 -0.83910567 0.37039867 -0.2439945 0.7486841
1112 -1.740012 -0.9221256 0.32702482 -0.28025973 0.7457652
346 -1.854242 0.56435955 0.22356743 2.0346072 -0.5983867
427 -0.14343698 -0.18902208 -0.98947996 1.5797234 1.7690686
755 -0.067327015 -0.37645435 -1.1106844 1.8765954 1.4600061
713 -1.194271 -2.8633811 -1.4834045 0.3911056 0.6718084
385 -0.14080769 -0.16289775 -0.9746758 1.5911978 1.7514569
140 -0.079561196 -0.18214403 -0.9109204 1.7508919 1.5661914
62 -0.06313898 -0.382317 -1.1429733 1.9278693 1.4343312
890 -0.10752572 -0.19063509 -0.9678053 1.6785258 1.7242062
625 -0.05396443 -0.38050234 -1.1509773 1.9322944 1.4723394
501 -0.07551076 -0.35599527 -0.9007683 1.7002327 1.473124
53 -0.13232894 -0.19706376 -0.96568996 1.5860965 1.6972709
752 -0.1157364 -0.19354247 -0.9730239 1.6537935 1.7123601
508 -0.050918262 -0.39914522 -1.1486751 1.9596338 1.4226853
515 -0.050234463 -0.1927029 -0.8898727 1.812352 1.5474963
398 -0.1260897 -0.19265278 -0.9298591 1.5923488 1.6861765
744 -0.09920617 -0.4171345 -0.9674905 1.6877292 1.415557
572 -1.0575778 -1.265801 0.13260794 -0.27193367 1.1908433
582 -0.1381132 -0.24443986 -1.049877 1.620577 1.7157075
518 -1.0690871 0.21330498 0.04671669 0.06952749 1.1025903
272 -0.07287089 -0.20319259 -0.94365406 1.781009 1.5672785
1064 -1.0257825 -1.1915318 0.17577715 -0.19752085 1.1278118
520 -0.06052116 -0.36692503 -1.1946411 1.9592457 1.4556742
866 -0.06108851 -0.26027504 -0.92743504 1.8035756 1.4903065
312 -0.07697976 -0.4239106 -1.1736894 1.8805697 1.4421362
106 -0.1359119 -0.22535576 -1.0319426 1.6036478 1.7457013
339 -0.074509464 -0.34912536 -1.1425959 1.8772131 1.4941437
1027 -0.06909707 -0.374945 -1.1272523 1.9075181 1.4558077
127 -0.08727959 -0.38952968 -1.1535414 1.8426105 1.4523722
963 -0.07461791 -0.3936843 -1.1940489 1.898087 1.4657396
1073 -1.0477804 -1.1791338 0.12237636 -0.23078036 1.1401986
1126 -0.11693334 -0.21157824 -0.97530806 1.6498154 1.7186761
454 -0.08283774 -0.34202123 -0.9472589 1.7311616 1.410549
299 -0.13128354 -0.19907495 -0.9911221 1.6086507 1.7307684
756 -0.115959845 -0.19733709 -0.96159005 1.6322404 1.7326492
1111 -1.7121533 -0.94698405 0.31045282 -0.282242 0.7565944
60 -0.09471154 -0.42699182 -0.96975595 1.6949213 1.4204884
1108 -0.067646846 -0.29038066 -0.9286153 1.7817227 1.4522831
368 -1.2438375 -0.60771143 0.4584993 0.41630802 0.22250688
1079 -0.052788578 -0.2210049 -0.9203823 1.835525 1.5093751
78 -0.04819807 -0.3731944 -1.136192 1.9595503 1.4622333
393 -0.049797248 -0.22930211 -0.90512466 1.8368728 1.4908385
583 -1.0383933 -1.2276376 0.15801273 -0.23071255 1.1502801
1063 -1.7103645 -0.9417331 0.3079169 -0.29313126 0.7859991
1045 -0.074977644 -0.37820205 -1.1337597 1.8604926 1.4761626
129 -0.054011144 -0.26637697 -0.9152418 1.7914344 1.5285448
5 -0.061601594 -0.21288069 -0.9193073 1.8071287 1.5262854
1082 -1.0280191 -1.2062379 0.14332172 -0.2065548 1.1105994
613 -1.8537022 0.543527 0.24507898 2.0030863 -0.5934883
239 -0.059636764 -0.18548432 -0.92711115 1.8232716 1.555024
561 -0.06399475 -0.34426877 -1.1475905 1.9278003 1.4613593
795 -0.08082808 -0.26415738 -0.934587 1.7325428 1.5788537
69 -1.3426538 -0.5894496 0.42240644 0.38712627 0.16560735
597 -0.07018878 -0.2240579 -0.93183833 1.7845461 1.4985701
650 -0.048637956 -0.23036003 -0.88988096 1.8266621 1.4883784
891 -1.0384651 -1.2268354 0.16309993 -0.25811186 1.2132527
420 -0.11654866 -0.42224512 -0.9952948 1.6398109 1.4133109
463 -1.0314523 -1.1925117 0.12404468 -0.21458043 1.1276433
260 -1.2902725 -0.61449224 0.4153132 0.39805603 0.1794186
54 -0.05491715 -0.2693671 -0.9031734 1.827438 1.4409362
899 -0.06277806 -0.17472138 -0.88735235 1.7842686 1.5585212
675 -0.063636705 -0.35783836 -1.1295242 1.8974942 1.4654634
468 -0.076760255 -0.38149846 -1.184169 1.9011708 1.4786752
790 -0.10006316 -0.40628916 -0.9556491 1.6559137 1.4740793
481 -0.05047258 -0.35669932 -1.1271175 1.9432094 1.4658976
1215 -0.06101502 -0.39229172 -1.1502756 1.916051 1.4496655
114 -0.10598199 -0.38128358 -0.9360239 1.6535473 1.422895
412 -0.049309567 -0.19222917 -0.8769455 1.8281634 1.519895
97 -0.060714502 -0.35614547 -1.118147 1.9125721 1.465111
720 -1.4872599 1.221177 -1.0209111 0.32542822 1.2708353
1068 -0.076896176 -0.21909061 -0.870787 1.7247171 1.5748646
319 -0.060922805 -0.39964494 -1.1391582 1.9201605 1.4135413
596 -0.037658162 -0.17270415 -0.88688594 1.8751283 1.5304166
1038 -0.06425613 -0.42460918 -1.1788529 1.926172 1.4833627
408 -1.1674803 -2.729245 -1.3467119 0.39212117 0.6078746
767 -0.08175326 -0.3989085 -0.994396 1.7553166 1.4118681
714 -0.08176809 -0.37483716 -1.1731066 1.8788606 1.4879994
558 -0.064132154 -0.40639544 -1.2041761 1.9280493 1.4480369
488 -0.09090424 -0.39072946 -0.98091996 1.7293051 1.3980862
184 -0.055452187 -0.19078997 -0.94976056 1.8690382 1.4918082
627 -0.048131816 -0.20556632 -0.91182166 1.8355101 1.5390077
247 -0.0630626 -0.42558253 -1.2539067 1.9886321 1.4484648
181 -0.11625962 -0.24841194 -0.9886913 1.6401677 1.710862
20 -1.5182447 1.2229056 -1.052008 0.25486317 1.3685845
1161 -1.7007028 1.2098061 0.14246194 0.51116186 0.7606932
81 -1.8354023 0.519572 0.25697565 1.961296 -0.587279
479 -1.7542464 -0.88328624 0.31785768 -0.27936462 0.7375238
570 -0.054526016 -0.23753549 -0.9217023 1.8337712 1.4807657
959 -0.06778939 -0.23877476 -0.936013 1.796671 1.4883186
681 -1.7635957 -0.94220936 0.3088697 -0.31994975 0.79370743
128 -0.05727772 -0.24152946 -0.91481686 1.8267568 1.4803826
136 -0.057522725 -0.20908216 -0.8640533 1.7940247 1.5227633
565 -0.060479883 -0.40412986 -0.9155856 1.7487849 1.4159648
132 -0.05021958 -0.21282892 -0.8902328 1.8265095 1.5070661
34 -0.052417256 -0.2358368 -0.8947748 1.812073 1.5341177
295 -0.05028322 -0.3998858 -1.14006 1.9612333 1.4302747
602 -0.096864454 -0.39431998 -0.97450995 1.6787332 1.4475828
824 -0.06298241 -0.2650099 -0.88375145 1.764205 1.5299103
817 -1.3554529 -0.5815259 0.4058179 0.37285388 0.17037056
800 -0.033427022 -0.15362832 -0.93081874 1.9320275 1.5210382
529 -0.05591238 -0.22854117 -0.8840257 1.8094015 1.4812313
593 -0.058957506 -0.3176247 -1.1226261 1.9423739 1.4913461
889 -0.05644253 -0.18186155 -0.87373024 1.7888566 1.5322284
708 -1.7589686 1.3848832 0.10442968 0.5551883 0.8492268
630 -0.093179375 -0.38698232 -0.950775 1.6868502 1.4281893
145 -0.03970319 -0.15786412 -0.9307425 1.9111171 1.5284585
829 -1.6011786 -0.9436091 -0.123315215 -0.5107455 1.29002
451 -0.08758805 -0.37842485 -0.97900265 1.7476711 1.3886188
877 -0.07063672 -0.27517915 -0.92692137 1.7670828 1.5136924
801 -0.06843477 -0.40006733 -0.905039 1.7278142 1.4167305
177 -0.053516086 -0.15763208 -0.94838977 1.8676941 1.5476825
388 -0.08690336 -0.27717936 -0.8788756 1.6890557 1.5329343
356 -0.04891811 -0.39168492 -1.2082975 1.9992788 1.4287797
455 -0.06805526 -0.39879212 -1.1318157 1.8792934 1.477159
765 -0.034316365 -0.20061432 -0.8970575 1.8792006 1.5067673
73 -0.047957435 -0.15243664 -0.9214785 1.8757282 1.5494568
92 -0.039184757 -0.085295685 -0.8828733 1.9094524 1.5250981
642 -0.07255292 -0.28024885 -0.89022887 1.7292329 1.5277665
958 -0.9824097 0.46355242 -0.64283395 0.69558096 0.41117862
888 -0.06473351 -0.16831413 -0.8244358 1.7443736 1.6023232
1060 -0.06113064 -0.2295328 -0.85609764 1.7472172 1.5464244
997 -0.06959063 -0.273854 -0.8716737 1.7105364 1.6096779
1000 -0.09524391 -0.24736667 -0.9164605 1.697496 1.5766933
134 -0.023611816 -0.13286996 -0.9047743 1.9304698 1.5313194
495 -0.019789988 -0.16115482 -0.9424655 1.9477564 1.5321759
1264 -0.068907216 -0.2220643 -0.8847127 1.7628094 1.4767603
567 -0.01895703 -0.16487473 -0.89860827 1.9400768 1.4905708
871 -1.1846005 -0.26742202 1.9270326 1.2044519 1.3256387
270 -0.034618072 -0.1936767 -0.9071607 1.8747602 1.520493
378 -0.049635187 -0.24466151 -0.9470859 1.8525491 1.5254264
716 -1.4611393 0.78628415 -0.005734749 -0.03010984 2.0558462
303 -0.061505362 -0.27409166 -0.9056965 1.768277 1.5542245
248 -0.95410025 0.4494008 -0.6154852 0.692633 0.4222577
321 -0.069001995 -0.2616901 -0.89969265 1.743101 1.556852
443 -0.07580732 -0.23175722 -0.87312645 1.6905683 1.6251274
943 -1.7202342 1.3671292 0.12886985 0.58274037 0.8250677
189 -0.019088559 -0.2066057 -0.88861126 1.918885 1.4687847
715 -0.05960291 -0.3001652 -0.9037334 1.7720827 1.5107504
766 -1.9805763 0.44988587 0.37989113 0.6453494 -0.20563501
885 -1.5224551 1.2160542 -1.039105 0.24347104 1.3632203
551 -1.2242738 -0.66154486 0.38123837 0.3642539 0.24716888
230 -1.3295476 -0.2582374 1.9935008 1.1888918 1.2916664
352 -1.6525675 -0.9635372 -1.7270361 0.6083624 0.23889948
202 -1.9782133 0.4508089 0.38273156 0.6431791 -0.2066097
434 -1.6994845 -0.78682846 -1.4550273 0.34406465 0.31276304
24 -1.5849626 -0.8741167 -1.7921605 0.48722178 0.44501373
545 -1.7292842 -0.7619662 -1.4700416 0.36086792 0.2840952
956 -1.1335989 0.29292586 0.18252872 0.7326733 0.1927682
639 -1.3403163 -0.19400325 1.9606438 1.1837571 1.230093
634 -2.008418 0.470749 0.36085534 0.62552094 -0.20537075
380 -1.199096 -0.20944564 2.0144455 1.3751585 1.2726508
131 -1.215163 -0.19782758 1.9456218 1.2278371 1.336196
924 -1.2552342 -0.20913714 1.9299741 1.1689888 1.3352304
838 -1.4114884 -0.19334094 2.0939684 1.2353557 1.2942469
277 -1.1971811 -0.27540419 2.0379572 1.374397 1.2573353
734 -1.1877716 -0.22399856 1.9711337 1.2529562 1.3668075
553 -1.1753055 -1.8404677 0.5245671 0.5214932 0.12415035
91 -1.2802719 -0.22661817 1.9897758 1.2238463 1.2851113
261 -1.2125009 -0.2058647 1.9029641 1.1351074 1.4107932
908 -1.3113569 -0.26429713 1.946447 1.1514972 1.2334079
718 -2.0199351 0.46106532 0.3939199 0.63271743 -0.2095308
617 -0.70723766 -1.6918918 0.30417907 0.5628048 0.48104522
228 -1.2676507 -0.24208575 1.945161 1.1309199 1.376822
787 -2.055378 0.55016804 0.29733428 0.6583353 -0.25231
669 -1.219201 -0.26590493 1.9559598 1.1873765 1.3953866
661 -1.1182235 -0.20515515 2.0581565 1.4555664 1.3389859
271 -1.177026 -0.28729075 2.038222 1.3723978 1.2724023
575 -1.4256253 -0.1971564 2.093243 1.2307914 1.2709875
117 -1.1914688 -0.2518221 1.9038992 1.1409054 1.3990188
98 -1.2883554 -0.20258299 1.9532701 1.1409895 1.3620057
421 -1.1332129 -0.28365248 2.0000358 1.3651484 1.2813082
783 -1.2737801 -0.21801722 1.9975742 1.2069823 1.3614553
1152 -2.0088136 0.49291706 0.36751357 0.64184326 -0.20224625
872 -1.2683933 -0.21007258 1.9542155 1.1669546 1.3559728
500 -1.1858354 -0.27182704 1.9085258 1.1877348 1.3300365
292 -1.5852444 -0.9202955 -1.7820168 0.49138287 0.42049998
543 -1.1266835 -0.26490217 2.0198476 1.4045757 1.2879272
328 -1.1919382 -0.22186191 1.9409535 1.2144648 1.3857698
372 -1.9158756 -0.7635047 -1.6926191 0.28664386 0.3790849
241 -1.2313828 -0.22852199 1.9475715 1.1815066 1.3628091
119 -1.3016305 -0.20765293 1.9730059 1.1678959 1.3372787
921 -1.2388572 -0.20986904 1.9530338 1.171594 1.3787122
320 -1.3406779 -0.1864908 2.0006113 1.1968346 1.2920755
162 -1.3379915 -0.2727642 1.9570888 1.1101779 1.2842952
269 -1.2821333 -0.16688198 2.0244162 1.2601699 1.350501
220 -1.2736951 -0.17515019 2.0097578 1.2706186 1.3085124
61 -1.2943244 -0.24480453 2.0038588 1.1611353 1.4058408
840 -1.3106425 -0.20440139 2.0007868 1.2206692 1.3029321
727 -1.2562546 -0.21791838 1.9893392 1.2337092 1.3482535
628 -1.570039 -0.99042815 -1.7561291 0.41416216 0.48896518
841 -1.3037441 -0.20978193 2.0263722 1.2073133 1.3634545
923 -1.1986127 -0.20584428 1.9567041 1.2610241 1.337292
263 -1.2102501 -0.21310294 1.980748 1.2700534 1.3237021
780 -1.1754807 -0.20170313 1.8897604 1.2021691 1.3150578
550 -1.3275106 -0.20820266 1.9882978 1.2171794 1.2285333
1272 -1.2560902 -0.17192994 1.953164 1.204074 1.3442692
208 -1.2176901 -0.2219922 1.9502311 1.2145399 1.3331515
478 -1.5878494 -0.8693114 -1.8420985 0.4314498 0.5193632
493 -1.591296 -0.9381957 -1.7350188 0.43385276 0.44834867
842 -1.2925316 -0.13373138 1.9927434 1.2114542 1.3695165
737 -1.3122857 -0.14483595 2.0497794 1.2843878 1.3269622
1109 -1.3179414 -0.30146074 1.9685869 1.1393145 1.278368
68 -1.143006 -0.28978992 1.9877146 1.3172414 1.3005756
1199 -1.9489508 -0.69648266 -1.6811695 0.3088133 0.3363851
44 -1.8324128 -0.8031584 -1.7069883 0.3026208 0.42143306
1036 -1.2730922 -0.24053879 1.981025 1.2176154 1.2975763
740 -2.0116217 0.46969616 0.38934273 0.6400971 -0.21044154
746 -1.1891536 -0.1829748 1.9508549 1.2556161 1.3559015
922 -1.243014 -0.27311245 1.9252837 1.1401381 1.3440715
442 -1.1852784 -0.19727099 1.9583206 1.2546569 1.3769614
592 -1.2326522 -0.19710155 1.8917246 1.1311868 1.3701249
1274 -1.1966232 -0.21352346 1.9099313 1.1593074 1.3839617
741 -1.1763362 -0.19724303 1.8904533 1.2057334 1.3240073
880 -1.9018543 -0.73927945 -1.6951063 0.2816727 0.3870227
873 -1.313553 -0.17568637 1.9752526 1.1689161 1.3532044
425 -1.2203984 -0.22912122 1.9531088 1.2063396 1.3465652
25 -1.565849 -0.8788785 -1.7950705 0.46470934 0.45606348
505 -1.1792585 -0.26562837 1.9204192 1.209182 1.3376188
854 -1.2469627 -0.14847499 1.9680828 1.2632542 1.290447
1194 -1.296331 -0.19854325 1.9004421 1.1223353 1.2784361
1107 -1.1935004 -0.21459073 1.9202969 1.1731085 1.4074639
395 -1.3155797 -0.19932993 2.0567105 1.2787781 1.3012111
1211 -1.1039549 -0.23708971 1.9523957 1.3202659 1.3379112
297 -1.3161304 -0.14500035 2.014954 1.2391459 1.3132151
879 -1.8722483 -0.77893996 -1.683285 0.31659457 0.3687223
179 -1.8527749 -0.8184989 -1.6404426 0.3437736 0.32379875
560 -1.8557825 -0.79738224 -1.6168894 0.33669904 0.31445014
471 -1.1785865 -0.24130656 1.9371226 1.2049206 1.3867271
1269 -1.1517888 -0.19726808 1.956124 1.3179482 1.3172518
920 -1.2093017 -0.21009535 2.0039947 1.3357772 1.2630273
1204 -1.9721369 -0.74373525 -1.6689135 0.31808415 0.30995277
969 -1.3262311 -0.19879974 2.0051467 1.1916252 1.3135407
1268 -1.1256902 -0.28084204 2.0045135 1.3485241 1.336388
646 -1.6416216 -0.8951237 -1.730077 0.49795294 0.35499918
839 -1.3248441 -0.24284184 1.9881548 1.199718 1.269753
1163 -1.1909206 -0.24582957 1.9043727 1.1553686 1.3661051
664 -1.6776723 -0.8749793 -1.7749016 0.508357 0.35673475
496 -1.1365529 -0.27686498 1.9588016 1.3314751 1.2715297
881 -1.8469645 -0.8083058 -1.6930805 0.306064 0.40217286
1046 -1.2635884 -0.21210822 1.9165969 1.1659902 1.277211
697 -1.5927747 -0.8872328 -1.7680137 0.42904463 0.4592002
1012 -1.3115089 -0.124360025 1.9253721 1.1507654 1.3140687
821 -1.143507 -0.26176423 1.976761 1.3294287 1.2919217
238 -1.2105312 -0.1832479 1.9122766 1.1969048 1.3357279
571 -1.2645189 -0.18613489 1.9270109 1.1899569 1.2987709
665 -1.8732265 -0.790542 -1.6375552 0.3006116 0.34667718
348 -1.2270617 -0.17160685 1.9404606 1.2423959 1.298999
1043 -1.2803675 -0.22476257 1.9509104 1.1628772 1.3304975
857 -1.7525443 -0.79188806 -1.641882 0.29904717 0.44396532
389 -1.6436805 -0.9400986 -1.7832448 0.51171285 0.36020514
1008 -1.924836 -0.79183245 -1.6182747 0.30280384 0.33007264
843 -1.317501 -0.21035391 2.074691 1.2575444 1.3390266
875 -1.3141173 -0.1624956 1.9239974 1.1434962 1.2952216
344 -1.278281 -0.222168 1.8774242 1.0895562 1.2950711
1261 -1.9064897 -0.8107627 -1.7034959 0.28442153 0.39117336
835 -1.1991148 -0.116945796 1.9593949 1.3148122 1.2988327
917 -1.3739885 -0.176689 2.0151734 1.1685537 1.3257492
436 -2.7518113 0.081159204 1.0824102 0.4407393 -0.19087404
1017 -1.888271 -0.6957067 -1.6761559 0.33256832 0.34730825
701 -1.8667648 -0.76723874 -1.6712711 0.32744074 0.35634577
169 -1.849119 -0.82731026 -1.6756922 0.29744244 0.39221486
249 -1.1812152 -0.2657204 1.869356 1.1446807 1.3392903
820 -1.1274378 -0.25883624 2.0403812 1.4264071 1.2818645
987 -1.8548328 -0.7865446 -1.653373 0.32442507 0.3512045
1106 -1.2370366 -0.19532341 1.9284345 1.1957449 1.3242451
351 -1.8234261 -0.7412695 -1.6617068 0.31779805 0.38904792
574 -1.7854546 -0.73645914 -1.5630991 0.3029606 0.36745355
166 -1.243645 -0.20129356 1.9542432 1.2171336 1.3156929
50 -1.8072912 -0.8049659 -1.6553346 0.29727715 0.40767077
512 -1.849335 -0.79428416 -1.6212043 0.30420002 0.35839543
391 -1.2889781 -0.23556988 1.9349911 1.1733022 1.2454438
1003 -1.8800787 -0.7653916 -1.7082235 0.34682143 0.35229617
1044 -1.8660669 -0.760121 -1.649404 0.32744533 0.34937423
659 -1.2886653 -0.1204966 2.0081477 1.2713104 1.3131332
643 -1.8643054 -0.8417011 -1.6316049 0.28687462 0.37552992
865 -1.9180633 -0.75089383 -1.6597755 0.306504 0.33661348
1004 -1.6487216 -0.9129604 -1.6195596 0.61905366 0.1742328
906 -1.6687654 -0.9174091 -1.605618 0.594243 0.16011325
914 -2.294274 0.9151907 0.12692143 -0.32759306 1.6713215
1231 -2.3076077 0.93218005 0.087851934 -0.30789408 1.6112959
620 -1.9181298 -0.8099507 -1.712449 0.30440062 0.3705877
411 -1.6666074 -0.87181836 -1.732446 0.36679322 0.45894796
170 -1.1640431 -0.30014768 2.0099354 1.3837377 1.2335874
611 -1.6488067 -0.85261923 -1.699272 0.416613 0.41080642
653 -1.7559955 -0.82736236 -1.6439664 0.35011894 0.38647544
679 -1.0746051 -0.3100132 1.9570942 1.3890773 1.2571065
913 -2.3453164 0.9637163 -0.014954687 -0.32231787 1.5819783
470 -1.2104535 -0.2519687 1.8728019 1.1317503 1.300781
483 -1.621894 -0.93418676 -1.7245262 0.46670967 0.3911875
144 -1.2841973 -0.16013534 2.049331 1.3198192 1.295215
692 -1.898075 -0.8187904 -1.6507028 0.31681165 0.3357685
682 -1.8825788 -0.74244076 -1.6805882 0.3206342 0.3466377
651 -1.6335256 -0.9397098 -1.7599311 0.52376264 0.35245124
1249 -1.8196218 -0.81367785 -1.6420398 0.331996 0.36109367
22 -1.5707514 -0.82895595 -1.7493204 0.39343718 0.51529473
929 -1.8795352 -0.8044646 -1.6482822 0.27590194 0.37688488
82 -1.1773474 -0.12639296 1.9184031 1.2470291 1.349218
103 -1.8583575 -0.83963716 -1.6176419 0.3117465 0.35228136
1029 -1.1427368 -0.22294581 2.0177171 1.3955266 1.3027309
927 -1.1596105 -0.31048203 1.9411039 1.2712874 1.2467401
71 -1.8806912 -0.7033107 -1.6108227 0.30234417 0.33673134
1066 -1.1562312 -0.27033168 1.9294487 1.205944 1.3715304
148 -1.576287 -0.85509825 -1.404224 0.46098003 0.24339703
347 -1.7078261 -0.9325561 -1.7543402 0.42793345 0.39386815
99 -1.6481557 -0.91123396 -1.7289879 0.49582577 0.35328183
606 -1.695559 -0.87128055 -1.7126482 0.5014421 0.3117641
595 -1.2731731 -0.17251539 1.9822177 1.256379 1.2959973
318 -1.9177274 -0.75578856 -0.13618964 3.2590072 -0.8790017
187 -1.743273 -0.82762575 -1.6001115 0.33965844 0.37426874
316 -1.2022748 -0.23706588 1.8812422 1.1335577 1.3565098
554 -1.1492295 -0.2704382 2.0544374 1.393413 1.3458947
64 -1.6695695 -0.8797367 -1.7347906 0.41298217 0.42131984
1197 -2.0985906 -0.6375556 -0.15319449 3.3044791 -0.97857267
400 -1.6230208 -0.860191 -1.7072753 0.4875613 0.35537496
1195 -1.894861 -0.6517097 -0.1619851 3.3480256 -0.82863665
1170 -1.9283838 -0.7826575 -1.6719778 0.29495963 0.35524598
776 -1.6703149 -0.91380817 -1.5639906 0.6136904 0.12124385
459 -2.368151 0.9740106 0.13651058 -0.306733 1.6252197
1189 -1.2409313 -0.19439766 2.0236785 1.3308192 1.2514997
979 -2.8079731 0.03541218 1.1440771 0.4464935 -0.19603725
834 -1.6876341 -0.90803844 -1.6415886 0.5490693 0.22255053
749 -1.3494045 -0.16207086 1.9608381 1.1915778 1.2151963
336 -1.6969192 -0.85049707 -1.6134915 0.54258674 0.21082829
1253 -1.6307892 -0.9397707 -1.6487541 0.5596655 0.24391492
362 -1.1611966 -0.26790282 2.003929 1.3472773 1.282994
1114 -1.6959372 -0.96660537 -1.591049 0.60759276 0.13634117
1188 -1.655548 -0.8774846 -1.6797887 0.4776811 0.33333233
644 -1.6658095 -0.9158023 -1.6973585 0.3700762 0.44783053
286 -1.6303046 -0.8999371 -1.778362 0.46524647 0.4179081
66 -1.861827 -0.7893815 -1.7077539 0.29394606 0.41123182
369 -1.3114046 0.58702713 -0.0155171 -0.059360094 1.7073516
255 -1.1798563 -0.18033044 1.9454911 1.3027635 1.265016
1001 -1.6757998 -0.87449634 -1.64166 0.6074637 0.17911588
601 -1.7539715 -0.8617037 -1.5950056 0.58856964 0.12375175
544 -1.7276634 -0.97243804 -1.7790383 0.40307343 0.4214117
355 -1.2065232 -0.2330425 1.9784994 1.2630806 1.3101422
322 -1.6310557 -0.85915416 -1.6397024 0.6332503 0.18963845
1059 -1.9988203 -0.6329532 -0.12278047 3.2875383 -0.9045009
90 -1.649317 -0.9234665 -1.5919424 0.63138235 0.1401659
268 -1.6254538 -0.8767366 -1.7167406 0.5388174 0.317885
836 -1.7140372 -0.9059759 -1.7031423 0.39795175 0.39446738
1055 -1.9606133 -0.69666785 -0.16446137 3.3060377 -0.8907808
761 -1.8268867 -0.7406015 -1.6469003 0.34810844 0.33970508
1137 -1.9978544 -0.665437 -0.11375464 3.2962751 -0.9102167
1127 -1.9208354 -0.6161293 -0.12417995 3.3361158 -0.8384018
918 -1.6257981 -0.8787752 -1.7483999 0.44598573 0.42054212
1156 -1.6743908 -0.9059559 -1.5856363 0.5677704 0.18963099
1144 -1.9269606 -0.65469235 -0.10906062 3.3203855 -0.8596825
123 -2.0403774 -0.7157629 -0.17478153 3.2707658 -0.9473171
1266 -1.6045122 -0.9036386 -1.6796991 0.5042044 0.33030304
832 -1.658949 -0.88437223 -1.5923105 0.6007568 0.17235683
1005 -1.927313 -0.71530294 -0.17139068 3.3105571 -0.87050307
1168 -1.6213346 -0.8051565 -1.6733845 0.44430605 0.3815911
1048 -2.7082841 0.031378508 1.0668856 0.43591392 -0.20964399
588 -1.1155778 -0.22792968 1.9777848 1.3427379 1.3494864
547 -1.6842282 -0.9182942 -1.7371938 0.3985592 0.4317034
31 -1.6473119 -0.83393925 -1.6407177 0.62338 0.17956275
365 -1.8788962 -0.70073724 -0.12211151 3.2657309 -0.84076303
195 -1.9103595 -0.61330104 -0.13016747 3.2629247 -0.8486299
46 -1.6749685 -0.9097681 -1.647163 0.5971611 0.19021149
693 -2.1389 1.5808462 -0.9647508 1.092923 0.14863378
1201 -1.9671245 -0.6212833 -0.17070137 3.2793493 -0.8848279
226 -1.640182 -0.859515 -1.7259036 0.42746907 0.41705096
429 -1.1928722 -0.22311813 2.0498443 1.3747733 1.3262563
156 -1.8886873 -0.6835856 -0.06449841 3.3129473 -0.8324272
580 -1.8984772 -0.64877146 -0.07084639 3.319956 -0.8239724
341 -1.6308656 -0.90257686 -1.6151626 0.5543256 0.22809531
846 -1.6263623 -0.843278 -1.7022036 0.51124 0.32912394
138 -1.3828446 0.84804374 0.0049665663 -0.036512073 2.0469592
125 -1.5930332 -0.95107216 -1.6504604 0.37548432 0.45534435
541 -1.6262387 -0.8754243 -1.747692 0.4701449 0.4025172
750 -1.952874 -0.6077955 -0.07368204 3.2977083 -0.8614713
1115 -1.7220975 -0.92141896 -1.5851551 0.59699637 0.14107412
314 -1.149286 -0.2857718 2.0409281 1.3966383 1.2913028
1132 -2.0246937 -0.65791553 -0.17824933 3.3179975 -0.93317455
769 -1.7220753 -0.855541 -1.6191523 0.60630894 0.13852736
1050 -1.6807027 -0.89678085 -1.595321 0.57878673 0.17321841
1283 -2.17377 -0.6111385 -0.11850933 3.2259054 -1.0118824
357 -2.0077646 -0.71290416 -0.09483295 3.2902215 -0.9204155
386 -1.6611332 -0.9123551 -1.6114694 0.53805697 0.23505944
1145 -2.0311108 -0.7340791 -0.168912 3.2850902 -0.9465078
265 -1.6331353 -0.88654244 -1.5946627 0.60365087 0.18593115
724 -1.7230599 -0.88809437 -1.5949007 0.54067564 0.189441
315 -1.6233199 -0.90541553 -1.6340739 0.54541266 0.26851422
815 -2.0021746 -0.63035935 -0.11941326 3.273735 -0.91056466
293 -2.0121667 -0.61559784 -0.1556629 3.33412 -0.9092909
59 -1.6460464 -0.8586256 -1.7444437 0.45711106 0.39584982
694 -1.6126095 -0.87751585 -1.8157027 0.3976896 0.5143925
632 -2.0582013 -0.61044765 -0.13984379 3.2927396 -0.9453039
350 -1.3350263 -0.2210332 2.0409567 1.2286631 1.3187621
775 -1.2263921 -0.21354887 2.0289702 1.2948287 1.3435264
948 -2.1084893 -0.602133 -0.076433085 3.3038783 -0.9716616
190 -1.6606121 -0.89309734 -1.7097642 0.47502947 0.35239005
65 -1.2834013 -0.14054117 1.9965609 1.2597196 1.3193278
816 -1.8887315 -0.6701474 -0.1694168 3.3270986 -0.83390343
1180 -1.9435529 -0.699153 -0.15658085 3.2709293 -0.8787939
818 -1.4287142 0.87801045 -0.020805141 -0.047674265 2.0340087
711 -1.677826 -0.9088275 -1.5660859 0.5246058 0.20725065
1124 -1.6385704 -0.8092969 -1.6910679 0.43656746 0.40225297
837 -1.7072096 -0.94206244 -1.6836139 0.38442516 0.39155325
990 -1.628879 -0.8980105 -1.7334118 0.46902904 0.3891027
100 -2.0351717 -0.6630062 -0.158153 3.2725499 -0.94460714
39 -1.2096403 -0.25536618 1.9692361 1.2850252 1.2610562
1122 -1.6608518 -0.8961597 -1.7499484 0.5430628 0.32146546
294 -1.7331206 -0.69944096 -0.0982918 3.3263316 -0.7290096
280 -1.6103357 -0.81909883 -1.7458375 0.4128585 0.45434484
467 -1.6773975 -0.87316424 -1.6644043 0.39677632 0.39295757
289 -1.6105207 -0.841688 -1.6907141 0.42634672 0.41385472
1202 -2.016615 -0.59979016 -0.19139211 3.283739 -0.92564344
130 -1.9766958 -0.66081846 -0.15090416 3.3060172 -0.89644825
1241 -1.680077 -0.92273325 -1.5871843 0.5563952 0.19848779
1146 -1.9206051 -0.7124554 -0.1603984 3.2967143 -0.8777716
1196 -2.0908473 -0.71476996 -0.14331129 3.2377608 -0.9895447
86 -1.3083602 -0.104362555 2.0333447 1.3248781 1.262893
345 -2.8244696 0.004123969 1.1284645 0.47079566 -0.2776144
26 -2.0776248 -0.6894477 -0.18298104 3.2692637 -0.97580475
332 -1.321208 -0.15677492 1.9784601 1.2791843 1.1671673
1013 -1.6398402 -0.8717236 -1.7733026 0.4586851 0.41358405
772 -1.6372902 -0.9379566 -1.6897304 0.48406437 0.34353706
577 -1.7500303 -0.75839084 -1.6418252 0.53970814 0.19963369
732 -1.3082843 -0.20975707 2.0301049 1.2734188 1.2518955
87 -2.0828803 -0.68485916 -0.115812674 3.2621257 -0.96960634
416 -1.0923587 -0.29484984 1.977115 1.3424625 1.3562624
728 -1.3066833 -0.15891588 1.9203228 1.1951728 1.2030697
524 -1.7752583 -0.64339125 -0.06811897 3.316305 -0.75347763
1138 -1.3006623 -0.22875676 2.0241814 1.2406061 1.2932982
555 -1.6264218 -0.93144315 -1.6236911 0.4149107 0.38268012
370 -1.6323527 -0.8466537 -1.6831839 0.43743944 0.38373983
779 -1.8340973 -0.6684361 -0.10462758 3.3217864 -0.7985225
939 -1.6989008 -0.88495666 -1.6360193 0.6016271 0.16967681
690 -1.6684879 -0.8529563 -1.5401418 0.513897 0.21542683
516 -1.3414874 -0.19531618 2.0261974 1.244749 1.2665135
971 -1.7865915 -0.67184895 -0.058477484 3.415846 -0.74609375
229 -1.5984861 -0.8507795 -1.6418648 0.44266412 0.3834232
1134 -1.9492449 -0.69736207 -0.11669593 3.309046 -0.8745841
654 -1.6297542 -0.8373506 -1.710444 0.38846835 0.45093852
1141 -1.4355125 0.8776092 -0.023188 -0.0395277 1.9926149
656 -1.7023064 -0.6283962 -0.1333646 3.3839142 -0.70071936
242 -1.617156 -0.96125925 -1.5811243 0.59747624 0.18566428
164 -1.3324966 -0.1511595 1.9772909 1.2534666 1.1910508
823 -1.9954445 -0.6861177 -0.06663142 3.2485342 -0.90684766
1057 -2.0938182 -0.62760013 -0.15743808 3.2478044 -0.98002917
1125 -2.0822308 -0.53832114 -0.13854332 3.31839 -0.94614655
808 -1.6544093 -0.8471881 -1.6540674 0.462582 0.33880034
379 -2.0096147 -0.64552444 -0.12509227 3.2512567 -0.9203542
1099 -1.8718728 -0.6661196 -0.15357545 3.330061 -0.8273061
962 -1.7438617 -0.72959125 -0.17359625 3.3687904 -0.750809
1025 -1.1438594 -0.2800891 1.9736345 1.3192357 1.2913407
55 -1.6068889 -0.92043847 -1.6476756 0.5383755 0.2859116
264 -2.0328164 -0.5879481 -0.115528926 3.2673779 -0.91965866
853 -1.665122 -0.95290416 -1.5957706 0.58842045 0.17769903
825 -1.61669 -0.92467713 -1.59105 0.4683284 0.3082172
522 -1.7709329 -0.6314208 -0.11370102 3.3605077 -0.74059635
1190 -2.0024214 -0.6372614 -0.15978248 3.312901 -0.91836685
1130 -1.9794275 -0.6270776 -0.10581622 3.27984 -0.8901371
300 -1.9311368 -0.61937326 -0.12207258 3.3242621 -0.8471612
1259 -1.6027498 -0.91364497 -1.7575635 0.5009511 0.39264795
415 -1.6176829 -0.8860405 -1.7075193 0.4611108 0.38928086
525 -1.9360157 -0.6858441 -0.18121305 3.3155375 -0.87676173
1251 -1.6144925 -0.8823611 -1.7047395 0.4384062 0.41265288
771 -2.0374393 -0.61276084 -0.1076159 3.263757 -0.9226991
826 -1.8736167 -0.6886808 -0.09098744 3.272934 -0.8331214
418 -1.118701 -0.25684124 1.9767442 1.3544186 1.314605
218 -1.8003849 -0.65664905 -0.10017433 3.4136817 -0.75724405
466 -1.8572776 -0.6582337 -0.08336171 3.2170734 -0.81507355
183 -1.6321857 -0.8516302 -1.6746958 0.40422076 0.41248435
414 -1.6930848 -0.81987107 -1.5803024 0.5180559 0.21103454
862 -1.5371488 -0.9015141 -1.7557982 0.44023582 0.4812939
722 -1.3568295 0.8346365 -0.05881849 -0.031877723 1.9834414
109 -1.7655151 -0.6695575 -0.17292137 3.3624532 -0.753308
548 -1.7415905 -0.6105454 -0.1131535 3.3377137 -0.7227662
760 -1.8189809 -0.67600286 -0.15011443 3.2923896 -0.79642993
806 -1.5463971 -0.8787507 -1.7735773 0.4459553 0.47751647
942 -1.6308924 -0.77194005 -1.3701195 0.44132394 0.20614026
533 -1.7292154 -0.84638935 -1.6086527 0.5540496 0.17339727
491 -1.698614 -0.81667244 -1.6741662 0.51792574 0.2722904
110 -1.7543728 -0.60771185 -0.06465218 3.332681 -0.7239414
88 -1.7248566 -0.66045326 -0.10159193 3.38865 -0.71081007
626 -1.905298 -0.6738053 -0.15447548 3.3094711 -0.85478395
176 -1.5657752 -0.9122438 -1.783088 0.43767473 0.50770277
67 -1.7311977 -0.6231048 -0.0802358 3.370398 -0.7055341
111 -1.979193 -0.78226846 -0.07668754 3.2112432 -0.9148236
57 -1.4247582 0.8947695 0.010876177 -0.014427297 1.9751568
700 -1.928564 -0.6637191 -0.044872668 3.1886396 -0.85618013
1191 -1.4100691 0.8324761 -0.05002557 -0.067109816 2.0300758
1151 -1.6977997 -0.8729598 -1.6475489 0.52607006 0.24718106
1128 -1.1572888 -0.23340304 1.9718424 1.3106968 1.3057103
641 -1.579874 -0.91984534 -1.5816839 0.57335657 0.2290643
609 -1.8136561 -0.7092907 -0.09169552 3.3231905 -0.7899434
1039 -1.4245858 0.85379344 -0.048216112 -0.06921372 2.012658
1166 -1.6846333 -0.868586 -1.6547087 0.4456603 0.32920277
1074 -1.6602368 -0.8938712 -1.6993957 0.5427355 0.2766295
1252 -1.6420192 -0.89927334 -1.7612506 0.45820743 0.40561277
819 -1.9135492 -0.6726651 -0.063832656 3.2750247 -0.8481445
1086 -1.8516333 -0.63495916 -0.10513342 3.3853807 -0.800289
953 -1.6597115 -0.91551185 -1.7517543 0.4532578 0.39177552
274 -1.8232753 -0.3478783 0.16194479 3.4621086 -0.684269
710 -1.6732224 -0.9275242 -1.6808279 0.48154044 0.31944126
406 -1.1012455 -1.0800946 0.2874704 0.3439236 0.26058218
758 -1.8939902 -0.63512754 -0.05042754 3.2659473 -0.8311085
1026 -1.9176407 -0.6268535 -0.038531687 3.3117886 -0.8355815
1275 -1.4243255 0.77542037 -0.013234925 -0.038064018 1.7469039
1131 -1.3930355 0.8428686 -0.022805778 -0.05032236 2.031707
564 -1.409531 0.83654875 -0.0060235257 -0.0666416 2.0145485
163 -1.8953981 -0.62747943 -0.00374477 3.2864923 -0.81581926
139 -1.2964444 -1.5438731 -0.18057558 -0.7186613 1.8407025
1100 -1.9359115 -0.67685175 -0.11386312 3.2580197 -0.8772372
1256 -1.9167536 -0.6170612 -0.114276595 3.2588518 -0.84316015
462 -1.6770102 -0.884771 -1.655152 0.5712335 0.22296292
635 -1.8228756 -0.5695096 -0.08032945 3.2472055 -0.780668
1052 -1.6734774 -0.8909134 -1.64832 0.5543668 0.23679107
796 -1.8781017 -0.5867094 -0.012532146 3.1934729 -0.80629313
284 -1.9501468 -0.6704708 -0.14190666 3.332502 -0.8695721
302 -1.8545811 -0.66108686 -0.059895724 3.2336507 -0.8072895
847 -1.5685204 -0.9026015 -1.6585485 0.47365218 0.38271993
995 -1.7134731 -0.8145576 -1.6817875 0.53624403 0.24846311
777 -1.914836 -0.6449186 -0.09161215 3.2866924 -0.8484027
538 -1.6786499 -0.94299245 -1.7348382 0.39967114 0.42497402
70 -1.844841 -0.64569765 -0.08419083 3.2748039 -0.8015897
52 -1.5953246 -0.91178995 -1.6881156 0.4393957 0.40751493
94 -1.6578355 -0.92574215 -1.7168379 0.46633303 0.37951037
232 -1.8810742 -0.62032324 -0.10484435 3.323707 -0.8206097
212 -1.6605939 -0.9001325 -1.7051265 0.4099444 0.4121538
310 -2.0536594 -0.7248391 -0.1157719 3.2670975 -0.9587319
105 -1.3834333 0.8418498 -0.016967582 -0.05493385 2.0566826
788 -1.8132118 -0.40920505 0.23829341 3.3913372 -0.6926182
1006 -1.4664271 0.8525829 -0.021271965 -0.0714108 1.9927733
197 -1.6243346 -0.8762699 -1.6824385 0.44243482 0.38043812
234 -1.4387537 0.8831914 0.12960273 0.011247842 1.8986433
410 -1.8104275 -0.6900528 -0.15968038 3.3351583 -0.7904598
124 -1.9407433 -0.6480355 0.0006852104 3.2696817 -0.8501384
680 -1.6166371 -0.95976114 -1.6530485 0.47010803 0.34131107
267 -1.350156 0.809664 -0.00577516 -0.035988886 1.9795904
1051 -1.3850075 0.8337051 -0.046173397 -0.050208606 2.0303216
638 -1.3236969 0.7324148 0.013910225 -0.03056355 1.8576587
143 -1.3383052 0.80377376 0.096497506 -0.008066726 1.9466531
858 -1.4802023 0.8313436 0.041234694 -0.074024044 1.9361048
1158 -1.7537398 -0.7711058 -1.6502812 0.5079337 0.23729257
677 -1.4433806 0.87139493 -0.12706757 -0.042272802 1.8742542
392 -1.7356654 -0.35996842 0.15154338 3.4539669 -0.63509065
813 -1.4263014 0.8367621 -0.048425473 -0.07349456 2.0066905
396 -1.4054179 0.82639843 -0.020508844 -0.046483103 1.9758015
121 -1.8668953 -0.7152134 -0.09514933 3.3273442 -0.81336164
859 -1.139443 -1.0996425 0.31015387 0.37752843 0.20818254
1187 -1.4416517 0.8559635 -0.037418723 -0.06619794 1.963659
1 -1.8585271 -0.45724338 0.12446668 3.4100997 -0.7429331
719 -1.8667551 -0.4275092 0.08862762 3.4351218 -0.74207336
763 -1.3756241 0.86308664 0.0030877767 -0.005481017 1.9589916
1110 -1.2822301 -1.5960504 -0.11968367 -0.70977765 1.8462546
633 -1.8963636 -0.42089164 0.14518343 3.427335 -0.755224
798 -1.3947958 0.89522344 -0.06886858 0.0022195482 1.902919
938 -1.4121201 0.8847115 0.011240824 -0.018404003 1.9780743
1092 -1.4382935 0.878413 -0.01488731 -0.02746612 1.9219073
591 -1.7720488 -0.4465031 0.1676258 3.4705632 -0.6712107
655 -1.921681 -0.5763882 -0.020464972 3.3155372 -0.83676493
931 -1.4391228 0.8726103 0.020578569 -0.016466439 1.9045925
1140 -1.2625662 -1.5204566 -0.21294966 -0.7226239 1.8768075
1136 -1.834105 -0.37229103 0.15274215 3.438628 -0.7095368
182 -1.4633594 0.8701348 -0.0058150925 -0.0402434 1.9348649
640 -1.4034041 0.88976675 -0.014426103 -0.02139439 1.982608
830 -1.3765702 0.8121375 0.03834794 -0.05409042 2.0471675
1103 -1.7972612 -0.39426053 0.1441316 3.4652317 -0.6836496
1080 -1.430229 0.8869297 -0.049790572 -0.020872792 1.9076821
160 -1.7723889 -0.3817889 0.15078454 3.4577658 -0.6554008
878 -1.4034034 0.88770896 -0.046227258 -0.0009905207 1.8855517
1019 -1.9932001 -0.66829085 -0.08255241 3.2271497 -0.9000996
989 -1.4081051 0.84665024 -0.0010658886 -0.05167259 2.0001128
1007 -1.4026551 0.88508254 -0.07139387 -0.014005543 1.9238658
15 -1.3709657 0.7752659 -0.049453937 -0.07897875 1.9609383
812 -1.3472112 0.72363967 -0.01892527 -0.049048897 1.8315082
1129 -1.3365211 0.7668799 0.05068679 -0.015258285 1.8492244
999 -1.4278927 0.92753327 -0.04349619 0.025724394 1.8847661
1009 -1.4270034 0.8986782 0.022454277 -0.012030073 1.9758066
1143 -2.02487 -0.6323707 0.027759016 3.2850385 -0.90204
1184 -1.3700052 0.8995531 -0.042152084 -0.0063333153 1.9821864
1139 -1.8476496 -0.40914443 0.09022411 3.4190748 -0.7306216
674 -1.3815572 0.8373151 -0.018934535 -0.03618941 1.9898969
13 -1.4359088 0.89100343 -0.029775962 -0.02733113 1.9462603
27 -1.2668875 -1.5019867 -0.15403384 -0.67512643 1.7948571
621 -1.8166118 -0.41891626 0.19194089 3.3892906 -0.70858645
511 -1.4109895 0.87389684 -0.03640052 -0.043190986 2.038523
437 -1.399943 0.8455083 -0.04458216 -0.05985494 2.0146577
474 -1.4353279 0.87658286 0.015161798 -0.024861958 1.9179068
896 -1.3457162 0.7894708 0.021964658 0.0042327126 1.834158
206 -1.4224622 0.873915 -0.019837016 -0.031815734 1.9748981
531 -1.3989692 0.8619111 0.062046066 -0.010080187 1.9591945
482 -1.3111811 0.6942036 -0.006534329 -0.04641389 1.8246707
489 -1.4266043 0.8440827 0.058121204 -0.058485966 2.0150797
1014 -1.407531 0.8517009 -0.029785866 -0.03958603 1.9643732
1207 -1.4395632 0.884366 0.015548501 -0.031689186 1.940386
51 -1.3785253 0.8434951 0.1490719 0.004681922 1.9682488
684 -1.3485781 0.7802874 -0.01478453 -0.023862964 1.8478615
860 -1.4455582 0.8176979 -0.005168035 -0.08694526 2.0093148
1081 -1.4061935 0.78835624 -0.0033173878 -0.072855234 1.9278605
18 -1.4102738 0.8421637 -0.1286292 -0.04261969 1.8620211
587 -1.4587669 0.94334626 -0.03364645 -0.0076013105 1.9666271
1186 -1.4785359 0.8864582 -0.0012165224 -0.02829674 1.8733348
623 -1.9815173 -0.6136303 0.018124344 3.2324045 -0.8820592
579 -1.3856062 0.8434532 0.07919134 -0.022266936 1.9872978
566 -1.4716244 0.9181666 -0.047860444 -0.047424704 2.0402782
215 -1.4355354 0.900618 -0.0049635167 -0.005379812 1.9213902
629 -1.3341405 -1.5246226 -0.23274292 -0.75950587 1.8800567
647 -1.9095764 -0.6229373 -0.08137712 3.2101707 -0.84338164
696 -1.8984104 -0.5647274 -0.036248878 3.3464847 -0.81626403
38 -1.4016845 0.8194375 -0.043791324 -0.055226825 1.9584025
275 -1.4228996 0.8966532 0.07628913 -0.006990404 1.9890418
586 -1.310942 -1.5705923 -0.23969474 -0.7455883 1.89549
1142 -1.4009788 0.85001624 -0.018307915 -0.028798854 1.8926426
1192 -1.393312 0.86438024 -0.012724594 -0.021825261 1.9733498
10 -1.3973819 0.81545633 -0.07444412 -0.047396217 1.8930618
1023 -1.3104745 -1.5380441 -0.18214574 -0.74166536 1.8923297
608 -1.4254831 0.91080236 0.021133203 0.0043897512 1.9250323
1113 -1.3952134 0.8363974 0.10091051 -0.02422334 1.9945064
619 -1.3537266 -1.5955287 -0.14382 -0.751864 1.8889748
1248 -1.433577 0.8641118 -0.00039394817 -0.045836553 1.9632367
802 -1.3615568 -1.6883061 -0.14160879 -0.75812757 1.8987441
1031 -1.742348 -0.40654752 -0.0048500905 3.521575 -0.66792315
257 -1.9924555 -0.6054022 0.060567886 3.2454293 -0.87193877
1030 -1.8672696 -0.5260443 -0.11003142 3.255775 -0.80587775
72 -1.3468691 0.755532 0.053113688 -0.031235382 1.8857986
499 -1.3075557 -1.5767078 -0.25457624 -0.74457896 1.8648453
366 -2.0298154 -0.27944142 0.61935776 0.32144022 -0.057498183
262 -1.3260386 0.77647483 -0.0050759637 -0.032879893 1.9564008
1076 -1.492748 0.8833655 0.06668376 -0.02276511 1.8621709
14 -1.3825878 0.8124732 -0.04793889 -0.05481532 1.9662875
1281 -1.2963542 -1.6951901 -0.11991451 -0.7456523 1.929353
537 -1.3130059 -1.5983065 -0.19807471 -0.737172 1.8727793
1085 -0.78313965 -0.81686336 0.35393637 0.47501263 0.50437665
981 -1.3827951 0.82293355 -0.034209073 -0.039869547 1.9066999
685 -1.3059307 0.8053459 -0.07938236 -0.019756587 1.9402223
598 -1.2172744 -1.7158813 -0.13072361 -0.762491 2.0444667
3 -1.4250653 0.850111 -0.022145735 -0.05889985 1.9403337
585 -1.2877958 0.7862883 -0.07704237 -0.022296444 1.9364457
329 -1.3073007 0.7573668 -0.089435086 -0.058958497 1.968552
526 -2.103418 -0.2143009 0.6085231 0.33229673 -0.10079151
950 -1.4375547 0.85815257 0.009003032 -0.016597835 1.8671014
955 -0.7883823 -0.8631609 0.28680658 0.4469398 0.4840428
1120 -0.79431754 -0.85989845 0.2839368 0.47992322 0.4594398
986 -1.4533416 0.8238087 0.009136389 -0.07674522 1.9579879
210 -1.411775 0.8421339 -0.00086391205 -0.029515378 1.9283255
1160 -1.2788548 -1.63652 -0.21303707 -0.7579391 1.9443694
8 -1.4241791 0.8505748 -0.03636864 -0.053553067 1.9474952
307 -1.2595196 -1.551207 -0.15492491 -0.73612595 1.905342
331 -1.3653687 0.7584177 0.024129529 -0.08188572 2.0033386
594 -1.3497307 -1.6553379 -0.11289629 -0.73734546 1.8674796
985 -1.4298981 0.8195055 0.00733623 -0.0821906 2.002921
235 -0.79550314 -0.8623916 0.2533713 0.450765 0.4728333
333 -1.439873 0.8562935 0.0014131208 -0.04074974 1.9130307
146 -1.2782372 -1.5996597 -0.19424257 -0.7497619 1.9162272
240 -1.3659582 -1.6428285 -0.10795343 -0.75054383 1.8688321
394 -1.3387758 0.7737682 0.023218988 -0.0510813 2.0036168
33 -1.3153552 0.7925699 -0.10622274 -0.046847377 1.9859422
449 -1.3187846 -1.652387 -0.096455365 -0.7230516 1.8676486
876 -1.2211269 -1.6750846 -0.1568118 -0.73072696 1.9439775
1165 -1.2837818 -1.5177852 -0.23263802 -0.76413035 1.9488726
440 -1.3472154 -1.6384574 -0.07564694 -0.7435174 1.9002062
1177 -1.2548368 -1.6230162 -0.24408063 -0.7456265 1.911926
535 -0.775687 -0.8927901 0.28700066 0.46047962 0.49501905
703 -1.3352475 0.8245857 -0.064352594 -0.002092705 1.8764266
1135 -1.3510903 -1.5570738 -0.19544455 -0.7681393 1.8983499
964 -1.3693861 0.80955243 -0.022928866 -0.048134923 1.9729676
947 -1.347711 0.83690083 -0.030489216 -0.026618594 2.0018544
325 -1.3184856 0.8055002 -0.052243832 -0.026658243 1.9367425
517 -2.0506272 -0.26214808 0.51657885 0.26669115 -0.044876266
153 -1.372846 0.808136 -0.031053498 -0.031447742 1.9024895
1054 -1.5011841 0.88026893 -0.0020700365 -0.05206952 1.9124714
869 -1.341773 -1.6265849 -0.15127946 -0.76027924 1.922811
1258 -1.284354 -1.5594494 -0.24902083 -0.746461 1.8879044
224 -1.2759767 -1.615784 -0.08886728 -0.7207216 1.9193499
250 -1.3471078 0.848119 -0.056652628 -0.020397488 1.9976133
201 -1.331622 -1.6603158 -0.12298574 -0.7546996 1.9254307
480 -2.1841605 -0.18630542 0.6385638 0.33559728 -0.11156242
757 -1.2976311 -1.6979729 -0.1018254 -0.719385 1.8661937
894 -1.395679 0.82429534 0.01522932 -0.02659282 1.9025439
19 -1.3629587 0.8058134 0.00035788427 -0.06446475 2.0907078
432 -2.0298166 -0.28737634 0.67918825 0.33931485 -0.04097097
951 -1.3868676 0.8407194 -0.08118708 -0.016906762 1.8684449
371 -1.3213581 -1.6724443 -0.08855093 -0.73306495 1.8852856
4 -1.4437317 0.8106907 -0.07652325 -0.07915137 1.898268
194 -1.2716691 -1.6114339 -0.19308963 -0.6894674 1.7802114
49 -2.0479746 -0.2563904 0.5940291 0.31380937 -0.061324257
831 -1.2706968 -1.6327943 -0.22767517 -0.7614941 1.9587377
994 -1.2310728 -1.6640984 -0.19010743 -0.7585939 1.9798665
556 -1.3617295 0.8237307 0.029813671 -0.02615688 1.9630468
1148 -1.3124752 -1.6561561 -0.11713226 -0.7286926 1.8655645
1096 -2.0201316 -0.29082507 0.6256347 0.3065645 -0.028097015
290 -2.113898 -0.20516664 0.6024015 0.32946655 -0.09460697
397 -1.3465102 0.809168 -0.05973035 -0.045730375 1.9435291
430 -1.3223495 -1.7204034 -0.08832422 -0.77180094 1.9709053
604 -0.8056499 -0.8005162 0.25830483 0.44749996 0.4825202
1102 -2.0807295 -0.21810874 0.63148457 0.37438604 -0.12465865
781 -0.8047348 -0.88587064 0.29482827 0.4576478 0.47034818
1273 -1.4794223 0.9096134 -0.035759337 -0.021575358 1.9015031
961 -1.4339389 0.836807 -0.0018848818 -0.05875623 1.9572618
1097 -0.81694436 -0.7716236 0.25160873 0.4374774 0.48090976
115 -0.79307383 -0.8826074 0.2966764 0.478687 0.46717668
383 -0.78934634 -0.87757725 0.30252075 0.46746895 0.489726
108 -2.0865963 -0.22268632 0.60577923 0.26539463 -0.0059314137
733 -1.3401879 -1.6869731 -0.105361246 -0.7408749 1.8862302
984 -1.2163789 -1.7084931 -0.20138633 -0.74226636 1.9620881
691 -2.1321115 -0.2093785 0.5927017 0.3566578 -0.14818032
1220 -1.501646 0.90128785 0.05206633 -0.028945502 1.9273034
1208 -2.0112445 -0.27582222 0.5155383 0.26021808 -0.025836978
390 -1.2795285 -1.6015235 -0.18003544 -0.73110217 1.8817785
1088 -1.4159895 0.8273144 0.008836193 -0.04778159 1.9346983
196 -2.1008043 -0.20044668 0.57784414 0.29138735 -0.065311015
1087 -1.4537123 0.82942635 0.017554304 -0.06662007 1.9615518
502 -0.7817771 -0.88056153 0.2902103 0.46438837 0.4868708
1149 -1.2163177 -1.7063376 -0.14092165 -0.7571542 2.0087435
605 -0.79101294 -0.8534674 0.26329854 0.47165194 0.46441296
56 -1.3207219 -1.5664047 -0.20043467 -0.7288523 1.8261632
1121 -1.3100594 -1.5675983 -0.15175185 -0.72683483 1.878846
1193 -2.0640352 -0.20679806 0.5635065 0.3507019 -0.1114872
167 -1.3249415 -1.6364403 -0.106317714 -0.74454856 1.9046508
173 -1.3301941 -1.7038296 -0.07212848 -0.75211954 1.9322054
1185 -1.1932207 -1.6756643 -0.14739726 -0.72384095 1.9662673
1242 -1.2661041 -1.6505092 -0.20598364 -0.78335774 2.016014
1178 -1.229221 -1.6055571 -0.1775473 -0.7773522 2.0410247
731 -0.7750968 -0.8616138 0.25192374 0.4448258 0.49300832
381 -1.3006718 -1.6250544 -0.23629445 -0.78639466 1.9716427
678 -1.3208464 -1.6867077 -0.07004037 -0.7188298 1.8562795
251 -1.3300115 -1.573762 -0.27017346 -0.7464016 1.869262
1089 -2.097307 -0.2712485 0.56577545 0.28295493 -0.0781151
1172 -1.2786974 -1.6298732 -0.18528877 -0.7561309 1.9509963
539 -1.2192818 -1.7227255 -0.12879461 -0.7472819 1.9996892
557 -0.7922195 -0.8159411 0.295989 0.474855 0.471547
941 -1.2857411 -1.5260822 -0.23992431 -0.77124363 1.9575546
770 -0.78535444 -0.8597626 0.27032152 0.4653169 0.4826537
909 -1.4368019 0.84990656 0.0095166275 -0.034148075 1.9103181
792 -1.2819115 -1.5095892 -0.2254211 -0.73915327 1.8870739
1028 -1.2917874 -1.5565426 -0.22454791 -0.7539585 1.9322865
960 -1.228015 -1.7241791 -0.18266168 -0.75654715 2.0002053
809 -1.3240318 -1.7743881 -0.09319712 -0.72418797 1.8604661
1095 -0.8167498 -0.8858435 0.29807407 0.3735577 0.55985636
709 -1.3488022 -1.6460487 -0.05940237 -0.7646193 1.9277307
79 -0.815896 -0.8135113 0.2634136 0.428956 0.48431727
966 -1.230575 -1.6311687 -0.20193395 -0.733787 1.9503504
158 -1.3126218 -1.6459694 -0.10365553 -0.7501436 1.948309
305 -2.062946 -0.26928043 0.5591266 0.28823295 -0.066843756
1083 -0.8019066 -0.85261923 0.31408405 0.41413206 0.5366458
107 -0.7796427 -0.8890108 0.30114317 0.47937444 0.47995245
58 -2.0219045 -0.28526738 0.5375736 0.26520687 -0.027875526
147 -1.3055636 -1.6625735 -0.12842497 -0.744309 1.9066738
359 -1.4058435 0.86470115 -0.011725272 -0.0022591492 1.8851186
977 -2.106398 -0.23950973 0.6052022 0.3476168 -0.1273386
615 -0.80642974 -0.76837885 0.2728123 0.43020463 0.50766367
1260 -1.2417061 -1.5862521 -0.15863289 -0.74294084 1.9561987
1175 -1.2442076 -1.5604901 -0.15950136 -0.69198805 1.8405957
101 -1.287644 -1.6034894 -0.14308359 -0.73958373 1.9027368
1021 -2.0727618 -0.2419677 0.6835721 0.3218685 -0.024895404
534 -1.2165078 -1.6742965 -0.15558855 -0.74917537 2.0098813
306 -2.0633976 -0.2697069 0.60500014 0.30603737 -0.066521645
317 -1.2668617 -1.5926102 -0.18829429 -0.73908 1.9112134
510 -1.3438536 -1.6516924 -0.118976176 -0.71990246 1.8369021
244 -2.1155174 -0.28739554 0.62411994 0.30521795 -0.09080242
1282 -2.1004088 -0.23031114 0.5873616 0.31672046 -0.09094762
618 -2.042883 -0.26014882 0.5475414 0.30920395 -0.06903744
1024 -1.2221816 -1.7079767 -0.17140843 -0.7780988 2.0341392
523 -1.323783 -1.56697 -0.15284662 -0.68864655 1.775175
1209 -2.0991752 -0.2184847 0.6027164 0.3156933 -0.08824369
578 -2.0954814 -0.27119246 0.6077749 0.27649918 -0.0438857
946 -2.1178837 -0.26629287 0.6131734 0.2873605 -0.061837614
607 -1.3528321 -1.6122249 -0.17623612 -0.75293654 1.893663
492 -0.7886907 -0.8389243 0.28726715 0.45442906 0.49133995
245 -0.7934592 -0.8316389 0.29258415 0.46495196 0.47712234
343 -2.0925198 -0.2910341 0.6098539 0.3058937 -0.08519931
494 -0.78629446 -0.78364015 0.3035163 0.4688511 0.49778003
686 -0.79766077 -0.83355904 0.27702907 0.4367783 0.49099562
486 -2.1566358 -0.29721713 0.6012884 0.27660117 -0.08888901
970 -2.0785098 -0.30664238 0.6104095 0.31482556 -0.079999454
1162 -1.2156272 -1.5080587 -0.11304965 -0.6702719 1.8277119
409 -0.798745 -0.8496688 0.29041946 0.44084477 0.49262518
457 -2.1145036 -0.29187837 0.59481376 0.30345044 -0.096425556
225 -1.2420022 -1.598937 -0.18424574 -0.72875774 1.9152249
882 -1.260143 -1.6848444 -0.14569892 -0.73328614 1.9189793
1105 -2.0794628 -0.26247093 0.6024718 0.31309327 -0.07959984
475 -2.3314476 1.355503 0.1561137 1.3032544 -0.21969117
976 -2.6343715 1.8305624 -2.3639622 0.91882634 0.987226
311 -2.0983512 -0.24825947 0.57662153 0.29457906 -0.07912042
375 -2.129041 -3.7676725 -0.060657524 0.52687675 0.07673508
497 -2.618176 1.7767814 -2.3239343 0.8889743 0.9556233
1244 -2.5813248 1.7735972 -2.427585 0.97966516 1.0160153
324 -2.6117673 1.783413 -2.4692912 0.9911462 1.0169072
1262 -2.6993847 1.841483 -2.4650617 0.96427315 1.0030593
1159 -2.6338708 1.8243096 -2.4241703 0.9714118 1.0275874
968 -2.5620496 1.7169843 -2.3821647 0.8829399 1.0131247
1245 -2.5635927 1.7775955 -2.3254132 0.9528285 0.9689434
1157 -2.544091 1.7441174 -2.3772068 0.92133605 1.0189806
636 -2.6209207 1.7656097 -2.3140008 0.92218804 0.9016731
476 -2.4579632 1.673651 -2.4108293 0.9340812 1.0610822
151 -2.4657416 1.3702172 0.08233457 1.2074727 -0.27626854
622 -2.4701974 1.7520068 -2.3691223 1.0172279 1.0400313
246 -2.5648973 1.8209722 -2.3466873 0.920266 1.067131
1104 -2.4783657 1.7421247 -2.3723662 1.0133561 1.0420964
330 -2.5174146 1.7755224 -2.3724306 1.0630901 0.9819181
1246 -2.5309813 1.7226042 -2.3909464 0.92868096 1.0310258
978 -2.5387423 1.776296 -2.4154315 0.95005345 1.0695834
717 -2.4106221 1.3851811 0.115219325 1.2646471 -0.24720365
536 -2.574794 1.7241212 -2.5155141 0.9740816 1.0431229
1150 -2.489873 1.8186471 -2.3326583 0.96548885 1.0769645
503 -2.531116 1.4212449 0.041914795 1.1672565 -0.2610928
739 -2.3133059 1.2688596 0.25520727 1.1342394 -0.16060476
419 -2.502576 1.4085702 0.108229324 1.2329633 -0.26513395
1040 -2.4471676 1.4001836 0.088086694 1.2087748 -0.24526219
527 -2.4867663 1.6970619 -2.451315 0.9576291 1.076447
1218 -2.3166816 1.2874112 0.14438099 1.2920699 -0.2710335
670 -2.4685805 1.394631 0.03964483 1.1996024 -0.25004905
1049 -2.4229894 1.3431888 0.098055825 1.1580013 -0.24587418
1219 -2.4112613 1.3830032 0.19059174 1.236566 -0.20522161
723 -2.4096382 1.726056 -2.3835142 0.9672515 1.1418381
354 -2.301426 1.2212108 0.2942202 1.1867162 -0.21964762
159 -2.435215 1.708069 -2.3944268 1.0097269 1.0509133
887 -2.547998 1.4008008 0.023792267 1.1976594 -0.3100133
364 -2.4627814 1.7906063 -2.3086915 0.90906125 1.1298896
940 -2.5562654 1.797441 -2.3579354 0.9758249 1.0137256
919 -2.627456 1.8095491 -2.4671943 0.9456502 1.073372
599 -2.2705157 1.2759671 0.15506186 1.2978784 -0.2484378
77 -2.388421 1.2797823 0.183174 1.125316 -0.24070843
168 -2.3460839 1.3082969 0.17953299 1.306795 -0.27313656
1167 -2.5847454 1.7923265 -2.4204507 0.9920644 1.0063946
1212 -2.3665485 1.2881693 0.23553137 1.1199259 -0.19178642
1047 -2.5457847 1.3952298 0.08216873 1.2250634 -0.30227935
296 -2.4849722 1.7637799 -2.2992213 1.0342079 0.9469428
988 -2.4948218 1.7295794 -2.391862 0.9058776 1.0805001
120 -2.2410715 1.3154474 0.22125734 1.3467937 -0.189095
157 -2.1908684 1.3346982 0.07876325 1.2294092 -0.11343691
759 -2.3256423 1.6703522 -2.4100528 0.9313556 1.2238231
967 -2.3500886 1.2829843 0.2054535 1.1153822 -0.20558326
309 -2.4428878 1.3768929 0.023477623 1.1808194 -0.25960812
1078 -2.3483217 1.3203847 0.15890613 1.2878501 -0.24884276
530 -2.392324 1.3573776 0.125892 1.255757 -0.2382515
945 -2.5628614 1.771396 -2.365552 0.96262306 0.9980252
735 -2.5052192 1.3759344 0.09707288 1.1827322 -0.2747609
576 -2.233108 1.6469172 -2.3709033 0.9807421 1.2261796
1133 -2.5612876 1.4065578 0.04096936 1.2370024 -0.3258048
178 -2.3705685 1.3549496 0.22426769 1.304042 -0.24801478
193 -2.453031 1.3658396 0.21397641 1.2767386 -0.26883277
794 -2.4092584 1.7222562 -2.3998697 1.0255673 1.0933154
828 -2.5270238 1.7419292 -2.3581939 0.91605735 1.0341679
864 -2.2961159 1.3508881 0.16752067 1.2762592 -0.17760049
1070 -2.4221866 1.405442 0.08762332 1.1985011 -0.19686465
43 -2.3140965 1.3400394 0.08425993 1.260874 -0.2263325
1257 -2.4910316 1.7681552 -2.3791208 0.93680304 1.0910103
1093 -2.3662398 1.3419253 0.12878163 1.2715118 -0.25167918
93 -2.4084258 1.3541346 0.27202252 1.2821778 -0.23666106
975 -1.8961532 -4.23096 -0.11575065 1.390167 -0.11524183
833 -2.5303626 1.7731391 -2.3457742 0.94573665 1.0089753
844 -2.3675487 1.6529003 -2.3693805 0.9623938 1.0968536
1223 -1.732321 -4.035854 -0.18407676 1.2699665 0.044099063
1247 -2.46318 1.7198858 -2.3196328 0.92870855 1.0376786
413 -2.3790853 1.732859 -2.352751 0.97750896 1.1441288
450 -2.471018 1.757512 -2.3466864 0.97170997 1.0474737
546 -2.615825 1.8109865 -2.5009801 0.93778664 1.0952992
726 -2.4818444 1.755956 -2.3723443 0.95583975 1.0750833
996 -2.3263342 1.3554565 0.13420434 1.2617583 -0.19733909
1280 -1.8492877 -4.163774 -0.027795974 1.3346611 -0.03718225
1169 -2.5993023 1.7609009 -2.3253787 0.87506485 0.9831433
972 -2.287137 1.3075519 0.15599193 1.2478709 -0.21884848
214 -2.2919388 1.644699 -2.3937113 0.9814292 1.1375408
845 -2.393252 1.6959126 -2.335099 1.0168271 1.0366031
95 -1.8280982 -4.215737 -0.20812532 1.2926825 0.04567337
784 -1.814686 -4.096328 -0.20118779 1.1685456 0.07126042
1230 -1.8490224 -4.1294575 -0.07991928 1.3310868 -0.034348957
1216 -2.6340084 1.7480693 -2.3854055 0.94800246 0.894908
745 -2.3117194 1.3342009 0.14993614 1.223385 -0.20580041
1016 -2.3489003 1.3296213 0.18771403 1.244558 -0.23368938
1072 -2.325468 1.3408475 0.19466394 1.2198265 -0.1644283
1279 -1.8860396 -4.2570543 -0.0711971 1.3740284 -0.04388843
192 -2.39781 1.7160923 -2.3600736 0.977867 1.1166972
227 -2.5159461 1.7271504 -2.4656897 1.0400416 1.0166636
811 -1.9069604 -4.24327 -0.080614455 1.2964555 -0.009723199
219 -2.2810633 1.3692625 0.090076916 1.2169088 -0.13877043
1276 -1.9345468 -4.342247 -0.10651999 1.4186672 -0.08926778
1094 -1.7496552 -3.977774 -0.032194115 1.2532916 0.038914092
1225 -1.8503337 -4.188053 -0.14598203 1.2288783 0.058298223
1153 -1.838555 -4.1607857 -0.19360644 1.2964144 -0.025777686
28 -2.4239633 1.7305475 -2.4993775 1.0169369 1.1811625
1234 -1.8500974 -4.2029123 -0.11509721 1.4146422 -0.086827174
778 -1.84118 -4.0393724 -0.1337266 1.2392597 -0.05746335
730 -1.9170606 -4.172196 -0.20479628 1.2730451 -0.08614649
1233 -1.8711421 -4.1115017 -0.11162133 1.4077446 -0.18359692
1011 -2.2636387 1.3442155 0.16139871 1.2087713 -0.12874302
361 -2.344266 1.4197123 0.20169045 1.2762861 -0.13905059
435 -2.4375463 1.7288659 -2.3627222 0.9910625 1.0678852
855 -1.902806 -4.2194343 -0.11761205 1.3257153 -0.057221275
814 -2.3190725 1.3608023 0.11215606 1.2415463 -0.19778614
1090 -1.8188121 -4.0669894 -0.025869181 1.3007057 -0.033109438
549 -2.2923539 1.2987249 0.16564019 1.2319859 -0.21100472
112 -2.3526385 1.3308365 0.12750044 1.2446936 -0.2350218
883 -2.2484052 1.2911636 0.14702643 1.2360855 -0.19528225
84 -1.8731034 -4.1507645 -0.07557554 1.302632 -0.060376417
9 -1.9207107 -4.146645 -0.17569771 1.3068563 -0.12116039
652 -2.5272694 1.741974 -2.485647 0.9845414 1.0825145
509 -2.3906906 1.363921 0.18180335 1.2837894 -0.23319101
774 -2.4130027 1.7177222 -2.3517487 1.0383431 1.0345354
384 -2.3623881 1.2604003 0.17595154 1.2640331 -0.29589134
1217 -2.525926 1.7592523 -2.3880453 0.9879272 1.0281757
42 -2.4338248 1.718794 -2.3765895 0.9843454 1.0847385
1270 -1.8626093 -4.201791 -0.1506213 1.3513427 -0.06867752
1154 -1.8943983 -4.2501426 -0.134428 1.3664538 -0.060251098
1155 -1.8739372 -4.209836 -0.11171952 1.3926579 -0.08504165
1226 -1.843967 -4.087171 -0.1617178 1.327276 -0.094080664
1267 -1.7867641 -4.068599 -0.17541568 1.2843509 0.0023411978
1235 -1.8710861 -4.1496305 -0.18392682 1.3032608 -0.053275973
868 -2.3566298 1.2858304 0.12776649 1.2492388 -0.2785056
1173 -2.3028724 1.6917192 -2.399651 1.0284194 1.150206
1022 -2.4290106 1.7086674 -2.3397205 0.9997852 1.0300694
387 -1.9033247 -4.206054 -0.08045298 1.3563343 -0.079593405
438 -1.8569999 -4.0806227 -0.17447352 1.2860715 -0.077074565
762 -1.889972 -4.160261 -0.13811101 1.3876746 -0.15915744
926 -1.8069121 -4.062749 -0.08318375 1.3549752 -0.10148725
764 -2.3802104 1.3808626 0.14288175 1.24642 -0.21156563
447 -1.8006457 -3.976639 -0.17055087 1.2285103 -0.05510203
11 -1.9084759 -4.1193857 -0.12844619 1.2607217 -0.067447305
1071 -1.9268222 -4.3049445 -0.115963385 1.4120119 -0.11578558
298 -1.7851466 -4.1356316 -0.15731965 1.3127562 0.009526056
1222 -1.8324594 -4.1758804 -0.21748918 1.3307474 -0.04073107
1227 -1.758874 -4.082948 -0.25780833 1.3446214 -0.026106209
180 -1.8592442 -4.1212745 -0.16564134 1.182563 0.043055814
1123 -1.9285305 -4.1802216 -0.09283005 1.3318063 -0.1218549
1002 -2.56178 1.82171 -2.3939877 0.9432771 1.0920993
1224 -1.8320336 -4.1908817 -0.1267759 1.3085065 0.014773266
1229 -1.7605 -4.041011 -0.15492831 1.2499568 0.03992426
199 -1.8289386 -4.1112523 -0.11488766 1.3688565 -0.087386176
569 -2.3528206 1.3391358 0.10084817 1.1964209 -0.19993593
863 -2.5729392 1.8071969 -2.4309633 1.0145416 1.0205967
96 -1.8373917 -4.1514015 -0.1456653 1.395751 -0.10195234
258 -2.3118465 1.3468014 0.20823057 1.2571111 -0.17134097
422 -2.4555907 1.800815 -2.2715046 0.96067655 1.0725636
1228 -1.7722859 -4.069616 -0.19602689 1.3509092 -0.07312125
1271 -1.7668113 -4.054397 -0.18539831 1.2493329 0.018386235
150 -1.7835481 -4.0323353 -0.19221315 1.2495172 -0.004476108
637 -1.8037994 -4.090721 -0.122993685 1.3456215 -0.05769191
45 -5.9795785 1.2745345 3.311939 0.31132963 1.1384581
161 -5.963 1.2814761 3.3559554 0.30233872 1.1934046
338 -5.968983 1.2321062 3.2954102 0.37404925 1.0638207
353 -5.8335032 1.2550198 3.13206 0.35941866 0.96951187
702 -5.8798184 1.2989923 3.2447186 0.3591708 1.1123445
1147 -5.7304163 1.2728759 3.189903 0.39422467 1.0284959
519 -5.99463 1.1990223 3.2472596 0.35537922 0.98882973
928 -5.868278 1.2068552 3.2151105 0.36936375 0.9905143
1084 -5.969061 1.2816173 3.1675763 0.35769835 0.96952826
1067 -5.9410353 1.3100446 3.28865 0.3870588 1.0785823
423 -5.808936 1.1178231 3.1082911 0.35412085 0.8989076
12 -4.442574 0.5498925 1.8836601 -1.033925 2.6494727
175 -4.706337 0.6562885 1.8567698 -1.0263402 2.6141765
689 -4.8008146 0.73095924 1.8385597 -1.0490538 2.6981394
712 -5.7592587 1.2115763 3.1275003 0.3421491 1.0027832
285 -5.812691 1.1143442 3.1541307 0.2999797 0.9893376
349 -5.9131002 1.3472097 3.216515 0.38119534 1.0515403
1164 -5.9814663 1.2511977 3.205743 0.36893594 0.989581
374 -5.816872 1.1797243 3.2249346 0.33900234 1.0558659
399 -5.886354 1.2351017 3.2660003 0.41863763 1.0188138
695 -6.0435934 1.133519 3.2716525 0.33216 0.979409
1101 -6.104288 1.2468665 3.3605287 0.24178061 1.1818876
21 -4.676226 0.6812221 1.8627821 -1.0529937 2.675987
278 -5.774252 1.3297801 3.1456542 0.38045135 1.053083
441 -5.908202 1.1165184 3.2262847 0.35956374 0.9638553
1098 -5.9513645 1.1275394 3.3786976 0.33665034 1.0958313
666 -5.9258533 1.105896 3.2175648 0.33208832 0.99763596
721 -6.0064206 1.3163838 3.2742457 0.3666632 1.0923934
688 -5.873554 1.2724552 3.162753 0.37953797 0.99202484
458 -4.6490736 0.6264914 1.754875 -1.0441618 2.5675507
748 -4.5296874 0.6256528 1.7111001 -1.0657535 2.6323662
1118 -4.6338897 0.54934007 1.7515314 -1.0801262 2.5794098
1041 -4.6982927 0.6276772 1.911192 -1.079261 2.7542162
465 -6.0874877 1.2991623 3.2827435 0.34057274 1.07615
221 -5.925264 1.1819718 3.2829194 0.36472747 1.0227145
1015 -5.979304 1.2559825 3.2658165 0.36653268 1.0494404
1174 -4.674261 0.6539587 1.7617092 -1.0152266 2.5201173
612 -4.67809 0.62534714 1.887371 -1.0408229 2.6012125
590 -4.6079507 0.65663964 1.790019 -0.9879472 2.4952126
1232 -4.4865985 0.536596 1.9130913 -1.0605466 2.6732295
874 -4.686906 0.57727456 1.7882227 -1.0768981 2.6357358
48 -4.7366605 0.7103744 1.6623561 -1.0307894 2.5645504
1284 -4.5970006 0.76692903 1.6047945 -0.957496 2.459784
6 -4.4848065 0.60029626 1.8738812 -1.0429685 2.651503
118 -4.5000987 0.53871936 1.6542404 -1.053726 2.5418596
7 -4.4834986 0.65850824 1.8170054 -0.9642444 2.5108192
1042 -4.5961657 0.583064 1.7989933 -1.0496746 2.5863688
1010 -4.612176 0.6529269 1.7490548 -1.0365415 2.5719457
282 -4.571468 0.6515921 1.7934756 -0.98801386 2.4973507
645 -4.561273 0.6475167 1.7365042 -1.0184665 2.5466578
805 -4.4980574 0.6385825 1.6480647 -1.0058616 2.5130918
273 -4.669018 0.6702775 1.7936727 -1.0051852 2.505667
1065 -4.688424 0.621124 1.771738 -1.0477194 2.5653791
1058 -4.459616 0.5934505 1.7322398 -1.0476369 2.6314301
1181 -4.5471807 0.6187039 1.788652 -0.99467856 2.4654562
16 -4.573274 0.6849032 1.8211454 -1.0151134 2.60891
186 -2.6280653 -2.571245 0.11587315 0.18807286 -0.18596132
308 -2.5180414 -2.6060822 0.10652872 0.18919736 -0.15583202
102 -2.7018867 -2.6616488 0.032800604 0.21639411 -0.23778233
1061 -2.6439161 -2.748634 0.123426296 0.22198175 -0.19071662
974 -2.5039167 -2.4932005 0.072274566 0.20084573 -0.16355406
861 -2.4907393 -2.500033 0.14557457 0.24811588 -0.22610144
460 -2.7932816 -2.615685 0.069977954 0.21089226 -0.25207216
237 -2.7358632 -2.7218776 0.11127651 0.21074972 -0.22032097
562 -2.5877147 -2.5407376 0.08028434 0.22738443 -0.25128198
705 -2.580605 -2.4859786 0.027883504 0.1909858 -0.2011012
1091 -2.6719337 -2.562142 0.087300576 0.19123879 -0.2215737
1210 -2.6829772 -2.6348145 0.09536337 0.21972926 -0.2403876
2 -2.5824592 -2.503234 0.10276671 0.21943974 -0.22834979
827 -2.600593 -2.6008203 0.061746623 0.21267836 -0.23117293
949 -2.6795647 -2.6875155 0.079052925 0.15529676 -0.12638539
