958 5
141 -0.002907669 0.15889558 -0.6432641 -0.35007873 -0.7106915
299 0.25532022 -0.05203605 -0.44690424 -0.3946137 -0.7372001
301 -0.025808707 0.16612926 -0.5683334 -0.58697194 -0.68185216
433 0.27503172 -0.065803476 -0.4652318 -0.34954637 -0.69876224
254 0.4775884 0.07801557 -0.32017615 -0.4722507 -0.59939325
165 0.21713686 0.06883213 -0.48258403 -0.37863806 -0.73116505
133 0.25486445 -0.0986303 -0.5055098 -0.27942643 -0.7006669
1035 0.24391663 -0.16448823 -0.4703981 -0.43508583 -0.6251523
803 0.21199585 0.059899416 -0.41894776 -0.48972115 -0.79792494
203 0.22574766 0.018786129 -0.441096 -0.38740712 -0.83170396
171 0.224515 -0.33102724 -0.55429196 -0.19532472 -0.7070212
738 0.29385036 -0.10190626 -0.42997903 -0.33473212 -0.7924319
729 0.33794138 -0.118995994 -0.30079067 -0.5723071 -0.798905
29 0.3323905 -0.4715542 -0.486875 -0.18718474 -0.7068578
676 0.44487056 -0.061806995 -0.314653 -0.49016246 -0.64731723
211 0.35101977 0.16291578 -0.39884955 -0.37412682 -0.74030197
243 0.3027354 0.06253617 -0.36469376 -0.5563968 -0.69797647
943 0.15917353 0.233438 -0.80163294 -0.34514552 0.099992245
790 0.017275374 -0.11278955 -0.477742 -0.84234214 -0.5268638
822 0.2418298 -0.08768507 -0.4989442 -0.33854085 -0.67023873
439 0.18291439 -0.12416629 -0.47534955 -0.359428 -0.8365415
582 0.37324804 -0.06339913 -0.3103405 -0.51620543 -0.77650374
793 0.20678446 0.06647212 -0.47854125 -0.41039866 -0.7217578
469 0.42541543 0.06345981 -0.3078864 -0.44335288 -0.7845164
512 0.22440487 -0.5532997 -0.7858937 0.029284867 -0.26257426
321 0.42198622 0.3371566 -0.3395849 -0.6171927 -0.47393182
736 0.16186759 -0.4001404 -0.50773585 -0.5015259 -0.5675195
937 0.2761315 0.02385537 -0.45555395 -0.29701227 -0.8037851
1032 0.20066945 0.02983189 -0.4555117 -0.5544781 -0.61597514
925 0.43576318 -0.19836308 -0.5402901 -0.17215917 -0.36451477
389 0.3956194 -0.16963206 -0.5790813 0.020948926 -0.58250666
1018 0.27190307 -0.22633655 -0.44377193 -0.43052587 -0.6546608
490 0.18709594 -0.16462351 -0.43591723 -0.75136966 -0.4279682
74 0.110525995 -0.49926126 -0.6217187 -0.30529007 -0.566316
724 0.4174756 -0.44349277 -0.5931506 0.21625464 -0.7420885
620 0.19167818 -0.15245312 -0.44625467 -0.67157847 -0.49392965
360 0.39296222 -0.11991894 -0.49618468 -0.42329213 -0.26008412
1033 0.14719671 -0.32157758 -0.5687554 -0.3298481 -0.63737863
523 0.42613605 -0.52250487 -0.461073 -0.19908407 -0.58111775
553 -0.16128327 0.3538015 -0.8499241 -0.48477525 -0.21314912
756 0.4121335 0.16667795 -0.34348026 -0.36352545 -0.80991936
914 0.51163155 0.08427692 -0.6267985 -0.2352049 0.117769726
193 0.5047754 0.077823676 -0.66491896 -0.09855704 0.04352002
699 0.31766808 -0.30082935 -0.52030766 -0.48443878 -0.24198696
765 0.1287751 -0.39210817 -0.5352329 -0.4456167 -0.62226075
126 -0.0252069 0.33226997 -0.92239344 -0.2181783 -0.06382089
92 -0.038164467 -0.33965316 -0.65211505 -0.555038 -0.44797328
385 0.30130845 -0.12438426 -0.4936618 -0.20724422 -0.7420826
559 0.36004978 -0.080577776 -0.3953607 -0.623235 -0.38292181
412 0.0185179 -0.4001675 -0.6188128 -0.4377622 -0.59174204
452 0.52934647 -0.024300743 -0.38264993 -0.049748413 -0.8559395
426 -0.049238846 -0.31789523 -0.641681 -0.54019934 -0.5239505
935 0.052194517 -0.28922385 -0.5759206 -0.4311438 -0.6743345
857 0.24186523 -0.47138214 -0.65586305 -0.009998217 -0.58930814
1221 0.04347768 -0.39629427 -0.6009274 -0.54369164 -0.45575178
672 0.18106619 -0.18758617 -0.86393285 0.049559895 -0.15209317
673 0.56396383 0.041359846 -0.5299283 -0.24116799 -0.06885725
804 0.333012 0.21758552 -0.28081015 -0.7099228 -0.71653455
671 0.41078395 -0.14701276 -0.46546015 -0.4822644 -0.24292485
322 -0.06913893 -0.2903866 -0.8483344 -0.077712975 -0.5235339
475 0.41956005 0.109913155 -0.7336411 -0.16224389 0.16865073
53 0.41718933 0.13964517 -0.3749035 -0.25855556 -0.8360097
755 -0.13058038 0.28459948 -0.98833525 -0.24838571 -0.02685694
1003 0.28597465 -0.41664377 -0.60197407 -0.028861912 -0.6498808
335 0.049615502 -0.28360227 -0.56802726 -0.53138554 -0.57147217
431 0.21577324 -0.066233836 -0.56706053 -0.50322425 -0.28964064
577 0.40507057 -0.5331016 -0.6397435 0.0352433 -0.37166482
589 0.5835452 -0.29294437 -0.54311264 -0.35969764 0.18335989
997 0.60007215 0.40209863 -0.4093981 -0.14463496 -0.52974266
73 0.6425627 0.20516631 -0.16866906 -0.56654745 -0.6359282
221 0.2247509 0.35422978 -0.9106659 -0.010782639 0.11592662
520 0.013741411 0.29071036 -0.84717023 -0.24279343 -0.18249483
743 -0.12202798 0.21129179 -0.8799963 -0.48152986 -0.033211824
401 0.20326541 -0.20051928 -0.5881453 -0.1676822 -0.6854672
507 0.29210332 -0.29764873 -0.51696515 -0.35232863 -0.4810082
342 -0.06390972 0.4405652 -0.7970754 -0.45713115 -0.22535616
147 0.6131765 0.40370587 -0.21195173 -0.4551898 -0.7196081
754 0.6115222 0.32316646 -0.2900881 -0.30779698 -0.6633536
55 0.09636326 -0.44452882 -0.78601056 -0.024794178 -0.45211777
34 0.28609177 0.077336565 -0.49235427 -0.4238314 -0.49897414
930 0.12770057 -0.28510427 -0.6021002 -0.3181377 -0.5886328
194 0.12689693 -0.27624732 -0.74259716 -0.056238882 -0.49336505
235 0.26456058 -0.4079883 -0.67303133 0.065354206 -0.5954041
103 0.39938095 0.2115568 -0.3935055 -0.48460737 -0.51406085
454 -0.035217248 0.12240162 -0.8569082 -0.4083108 -0.022781443
832 0.2481904 -0.46058124 -0.71194947 0.21836677 -0.7114148
239 0.27774274 0.025108835 -0.41620916 -0.7159172 -0.368654
242 0.27743998 -0.28227627 -0.6150569 -0.072369196 -0.5742643
767 -0.043593567 0.20930974 -0.7851565 -0.48646823 -0.16406675
762 0.38337687 -0.025261955 -0.66403556 -0.16618921 -0.09972086
808 0.4798441 -0.04056351 -0.59191006 -0.08465985 -0.24094203
212 0.61477554 0.109565794 -0.6412933 0.0037810751 0.048804607
1117 0.11285172 -0.36744967 -0.59693766 -0.42736253 -0.48314044
169 0.24929604 -0.4734539 -0.6503875 0.0069042114 -0.61399543
905 0.28827718 -0.4124679 -0.49698052 -0.43544772 -0.43388012
41 0.4192098 0.065080605 -0.60952646 -0.27142128 -0.06732567
276 0.2555661 -0.29188094 -0.50433284 -0.5482541 -0.33623964
801 -0.09077829 0.20831819 -0.87359077 -0.40571037 -0.091692254
167 0.7085959 0.40475062 -0.22443426 -0.3532152 -0.6230064
521 0.28805956 -0.36678287 -0.52158356 -0.457801 -0.3305113
408 0.1847916 -0.38051653 -0.68606764 0.022544106 -0.6575559
283 0.17873675 0.0059838784 -0.67997354 -0.43921354 -0.0975706
291 0.42371875 -0.22249475 -0.54628295 -0.31289077 -0.18218265
710 0.32958472 -0.10994711 -0.7109608 -0.1396292 -0.08948757
1114 0.057489477 -0.21728256 -0.761202 -0.104017496 -0.5147473
764 0.59894633 0.006342129 -0.61466634 -0.0822301 0.05614682
932 -0.009742008 -0.17321678 -0.4903465 -0.94616723 -0.39928526
655 0.7296361 0.05824939 -0.44158137 -0.4514277 0.25045294
815 0.37759352 0.00046866707 -0.67534065 -0.17461966 -0.06745104
556 0.10953553 -0.19800517 -0.6635486 -0.4753435 -0.22546545
1137 0.29988205 -0.057996858 -0.7065745 -0.18412437 -0.10625803
33 0.44803396 -0.13402246 -0.42148584 -0.52543294 -0.25034878
915 0.007064991 0.24083938 -0.8576569 -0.33071974 -0.045912758
533 0.0037661763 -0.30460453 -0.8236545 -0.14518456 -0.36625496
799 0.60512143 0.06325828 -0.620167 -0.018057646 -0.003389665
188 0.2553619 -0.34176564 -0.4637136 -0.6691062 -0.30170193
484 0.5083093 -0.06401855 -0.45763993 0.042840946 -0.7795688
341 0.16741352 -0.29973692 -0.68579924 -0.03917797 -0.61596304
798 0.33256942 0.07111037 -0.3748192 -0.62098664 -0.5184561
601 0.015224046 -0.19237293 -0.7842727 -0.16555516 -0.4473049
379 0.6372588 -0.12314166 -0.5924178 -0.0876682 0.07621839
709 0.5163497 0.18486004 -0.3303646 -0.4078055 -0.58073914
72 0.81546354 -0.31726742 -0.34255087 -0.5469622 0.25533178
771 0.58770084 -0.08287171 -0.5631226 -0.17878272 0.007576382
706 0.5099639 -0.008837059 -0.59543836 0.009747643 -0.29778746
510 0.5359201 0.19201432 -0.28505757 -0.40272707 -0.6951719
122 -0.037113875 0.39959338 -0.8838226 -0.3583721 -0.028766343
761 0.32507235 -0.19335938 -0.7533494 0.2316039 -0.4549019
427 0.25924602 0.12315454 -0.3691302 -0.74393094 -0.5258746
745 0.3933324 -0.2003369 -0.57411414 0.047241714 -0.63515675
127 0.57777864 0.08331259 -0.5522534 -0.25597966 0.04422086
560 0.4813368 -0.08508779 -0.46780396 -0.014639402 -0.7214399
392 0.53614306 0.027531598 -0.6081994 -0.14932987 0.0008265218
388 -0.09155738 0.16082974 -0.83692354 -0.51946443 -0.05449281
1064 0.36048767 -0.23083022 -0.51288605 -0.18883994 -0.5781986
850 -0.03765099 0.38902774 -0.8766537 -0.38243458 -0.019687131
945 0.664712 -0.27476162 -0.5281185 -0.35894766 0.29088798
108 0.48906675 5.3938307e-05 -0.6271563 -0.16494533 -0.010193112
567 0.106484585 -0.22881411 -0.62777835 -0.5280056 -0.2731876
224 0.4208633 0.36854702 -0.31566933 -0.51813036 -0.6896528
807 0.26897627 -0.12186857 -0.49209926 -0.5357185 -0.37435743
168 0.57217216 -0.05084949 -0.6728202 0.01622817 0.05785576
384 0.5213807 -0.10186413 -0.57929665 -0.3639809 0.16865571
763 0.350523 -0.26395258 -0.4106167 -0.592854 -0.38341227
1073 0.23691294 -0.49408528 -0.5886079 -0.10952714 -0.6795327
1105 0.49709663 0.07109586 -0.66362804 -0.16281442 0.10909352
1072 0.5920947 -0.035048984 -0.6258258 -0.03546828 0.018443631
506 0.034061737 0.45702794 -0.84982574 -0.44295222 0.112262525
657 0.19879209 -0.19370994 -0.5123493 -0.6133251 -0.34261137
675 0.056664474 0.2741596 -0.8424259 -0.24774842 -0.10530202
334 0.6345408 0.0736616 -0.60106456 -0.11586613 0.12207255
862 0.5777352 0.20356208 -0.63286585 -0.13545245 0.12539767
367 0.2679175 -0.27416918 -0.5626305 -0.22924076 -0.5497751
101 0.4851152 0.02493895 -0.61848736 -0.100294836 -0.12993442
204 0.10150069 -0.2801849 -0.51451725 -0.7424624 -0.3572706
973 0.05800887 -0.21084774 -0.53675276 -0.8058235 -0.29599172
200 -0.14167304 0.4193462 -0.9191871 -0.3979844 -0.07876308
1021 0.4332365 0.024250004 -0.57941115 -0.19885 -0.22563593
650 0.08075818 0.2580636 -0.76716334 -0.37135124 -0.12944098
361 0.5801036 0.050394624 -0.64482325 -0.06490684 0.0859676
649 0.66527206 0.16205975 -0.54276794 -0.01726246 -0.13322559
371 0.665615 0.30190602 -0.36994427 -0.021840537 -0.6810242
904 -0.053480383 0.3754551 -0.89726204 -0.37831992 0.007548937
868 0.5172607 0.020961564 -0.6666412 -0.061399158 0.02904005
137 0.5853352 -0.3688249 -0.5448505 -0.4129011 0.26629522
955 0.29780313 0.42488697 -0.43076363 -0.7047474 -0.32650608
578 0.5285564 0.05030687 -0.66038316 -0.050108608 0.014863355
594 0.5975239 0.3747392 -0.44748962 0.014807093 -0.62598354
853 0.16126907 -0.28370187 -0.7551259 -0.10059709 -0.32754618
646 0.5176027 -0.024380615 -0.5016475 -0.3942185 -0.043433886
778 -0.016981397 0.18925549 -0.8483427 -0.41965967 -0.0026402413
983 0.41312838 -0.19341749 -0.40104297 -0.5822313 -0.30664554
487 -0.058994293 0.14970754 -0.9143903 -0.36662233 0.052106254
583 0.25222898 -0.4440053 -0.63193184 -0.0079717925 -0.6500516
605 0.27653375 -0.23520358 -0.5992726 -0.041360617 -0.66983634
279 0.3237737 -0.062406998 -0.31221047 -0.81251 -0.47536018
494 0.40457755 0.27794215 -0.3712318 -0.64161223 -0.3732979
1092 0.51593065 0.18551989 -0.2765306 -0.65719396 -0.42293444
613 0.6354002 -0.077932276 -0.59529823 0.034906488 -0.081368186
892 -0.10964267 0.33333182 -0.87350655 -0.4146422 -0.12550072
934 0.096584335 -0.21399117 -0.55811447 -0.61770004 -0.39713076
851 -0.15504676 0.3105703 -0.96666765 -0.4145557 0.07182095
849 -0.123622306 0.42288858 -0.9004732 -0.35741162 -0.15177533
174 0.30595148 -0.2812268 -0.73320913 0.05008779 -0.3075785
552 -0.04736402 0.5439301 -0.9352971 -0.19100101 -0.12152116
100 0.5188562 0.15239406 -0.5637961 0.016682876 -0.40017062
481 -0.113832735 0.38847348 -0.90343463 -0.41742977 -0.043043047
247 -0.15641728 0.23461582 -0.9736915 -0.3352118 -0.007114098
561 0.45529723 -0.015607506 -0.62502146 -0.14288987 -0.11068663
252 0.3668275 -0.069592945 -0.50512946 -0.26511708 -0.49682823
293 0.45534268 0.053329807 -0.74515665 0.09384562 -0.05564112
81 0.55854857 -0.004788031 -0.7415463 0.09911743 0.12920237
191 0.58782303 0.058981404 -0.6011377 -0.11700299 0.03460605
912 -0.14668195 0.4059155 -0.9273098 -0.3219457 -0.16080336
986 0.53468513 0.14421621 -0.6548265 -0.025655188 -0.028210636
513 -0.100442745 0.3551785 -0.9324248 -0.3783712 0.025498444
619 0.24340041 -0.2390359 -0.7457036 0.093071684 -0.45419648
215 0.5224281 0.24537785 -0.3228603 -0.54179645 -0.4217937
236 0.28560242 -0.47682366 -0.44728652 -0.37305778 -0.6768024
509 0.53002065 0.18497743 -0.72839403 0.043226425 0.094263755
1015 0.5451335 0.009492482 -0.631088 -0.115781896 0.04517795
1000 0.19301796 -0.28666532 -0.52069557 -0.5811829 -0.36529836
1001 0.2102248 -0.28095734 -0.768302 0.06652538 -0.4101278
407 -0.14674659 0.30540407 -0.9804018 -0.21054362 -0.13326316
599 0.53766924 0.11086398 -0.6639382 0.002620361 -0.030046538
625 0.23395652 0.010844689 -0.7132249 -0.2815997 -0.09210332
1134 0.51449746 -0.019411193 -0.6591644 -0.06954987 0.014023158
60 -0.047102787 0.40478376 -0.8002906 -0.53165734 -0.08287341
265 0.35944128 -0.3057569 -0.66056335 0.044003878 -0.4199734
461 0.6821422 0.07684313 -0.5499811 -0.12644504 0.07023438
1014 0.15887389 -0.05592379 -0.46688554 -0.66828215 -0.5040164
209 0.04250072 0.0909383 -0.7452579 -0.49868193 -0.09477568
336 0.3984313 -0.31131068 -0.5198458 -0.078348964 -0.62293124
36 0.2833485 -0.21806715 -0.7402183 0.06277574 -0.35152116
897 -0.16472657 0.21984884 -0.95255965 -0.39447874 -0.009597298
1111 0.6202505 0.40663484 -0.21312788 -0.4854271 -0.6637066
1244 0.60939825 -0.37047637 -0.47252643 -0.46344018 0.15555651
240 0.69817984 0.3030817 -0.34748164 -0.019739877 -0.6914693
540 0.20960928 -0.31304407 -0.3989546 -0.6754758 -0.5927162
158 0.6988727 0.56482124 -0.20376924 -0.50282896 -0.5249108
547 0.34850165 -0.11401621 -0.65954417 -0.218271 -0.10883219
911 -0.13302593 0.27854434 -1.000789 -0.1949614 -0.061376274
878 0.24087103 -0.14382477 -0.4156401 -0.73993117 -0.4024119
305 0.6161145 -0.0011275128 -0.5703666 0.02076407 -0.18212412
662 0.5909911 -0.29858524 -0.48488382 -0.4835814 0.1784023
537 0.3534212 -0.31235555 -0.6546234 0.0814495 -0.50008255
501 -0.12100859 0.15843631 -0.9308851 -0.33354235 -0.064095534
173 0.08074083 -0.16485922 -0.54912573 -0.8106458 -0.20964903
448 0.2859821 0.29717815 -0.3909086 -0.8158304 -0.3212072
303 0.3849314 -0.0800173 -0.7015445 -0.0015535902 -0.19331811
90 0.37453955 -0.38765755 -0.61951447 -0.008513424 -0.44314143
97 -0.123143345 0.35717782 -0.9127562 -0.48181647 0.05254655
27 0.50725776 0.15523314 -0.59711075 -0.16304252 -0.08176427
936 0.3681889 -0.30519086 -0.3730748 -0.63315064 -0.4116117
629 0.1747076 -0.49524346 -0.8193101 0.04505842 -0.28163943
659 0.5433112 -0.11553845 -0.70322394 0.042234007 0.064515926
30 -0.053283315 0.48031715 -0.8917337 -0.35055542 -0.054399118
829 0.2284165 -0.24774343 -0.72653127 -0.017353712 -0.39484656
326 0.28190264 -0.4008882 -0.5729606 -0.17022009 -0.561562
1207 0.2725409 -0.20458272 -0.7757965 -0.05594468 -0.10495992
38 0.5343552 -0.0030495478 -0.6794747 -0.07423534 0.1193898
274 0.61266714 0.09394575 -0.6276519 -0.051840823 0.07563883
972 0.49835062 -0.10639613 -0.73201495 0.0047666836 0.1143661
450 0.6069653 -0.1390545 -0.53557014 -0.37142426 0.21195476
852 0.49765968 0.12760626 -0.63884413 -0.20829165 0.08949008
640 0.39298406 -0.1265039 -0.5680786 -0.36421153 -0.11291538
733 0.66334414 0.3001696 -0.28025275 -0.23806225 -0.68460363
651 0.4369355 -0.051635966 -0.668074 -0.13561082 -0.020326348
549 0.64857626 0.08321349 -0.5526516 -0.1249749 0.0115491785
1037 0.35107937 -0.023524405 -0.62959695 -0.27262774 -0.13088675
1016 0.64857554 0.1261645 -0.61569023 0.025205102 0.0070138946
498 0.30816868 -0.11132769 -0.6249836 -0.25671813 -0.24439853
446 0.42655638 -0.1348849 -0.4365611 -0.2927108 -0.552626
346 0.5559469 0.07181209 -0.64215064 -0.072112784 0.03938638
456 0.48499537 -0.052739773 -0.71698004 -0.1285453 0.21172784
352 0.23186825 -0.36268318 -0.724001 -0.021255197 -0.38458842
1004 0.32153523 -0.2602498 -0.7251936 0.1974638 -0.50077873
154 -0.087245084 0.36733878 -0.90035135 -0.4085759 -0.009136195
112 0.5491648 0.059581883 -0.61090404 -0.18342136 0.075296365
800 0.12488441 -0.3781416 -0.47435012 -0.76117164 -0.4094406
135 0.5895845 0.2526662 -0.61137486 -0.124505505 0.06542809
249 0.48613137 -0.07361313 -0.5903306 -0.23914391 -0.027819518
146 0.76063997 0.49040052 -0.36485612 -0.03084503 -0.5109445
216 -0.022548234 0.26698473 -0.8673892 -0.38509455 -0.0054748347
323 0.45605633 0.42805544 -0.35689276 -0.68363154 -0.27222532
406 0.5508736 0.11770217 -0.6091363 -0.14976262 0.026339859
357 0.49161592 0.006544397 -0.5835918 -0.17813733 -0.1234898
883 0.57176274 0.027807377 -0.6074138 -0.15981263 0.08006096
517 0.50807697 0.008881865 -0.63256 -0.13664718 0.0053785546
776 0.27014273 -0.3726757 -0.67724025 -0.11420044 -0.33040473
1057 0.48525047 -0.1078381 -0.67377883 -0.097903475 0.045408662
684 0.26997703 -0.2320723 -0.7346462 -0.07009482 -0.2186989
881 0.55990624 -0.15100616 -0.6077093 -0.015811222 -0.11920628
591 0.53306735 -0.028542746 -0.67924505 0.0023180265 0.018036282
848 -0.056118358 0.33058208 -0.8471153 -0.41408765 -0.10162438
660 0.46827435 -0.056566793 -0.64413846 -0.22163513 0.07861244
486 0.5420295 0.13111553 -0.6703255 0.031636074 -0.040580772
189 0.37517947 0.29178187 -0.3448358 -0.6910736 -0.45301858
642 0.40858912 0.3308583 -0.375259 -0.59930754 -0.4123844
869 0.31648082 -0.37219918 -0.7479515 0.11039497 -0.31618798
834 0.37347132 -0.15326561 -0.62700796 -0.03194908 -0.4046557
304 -0.07413995 0.2533168 -0.88965166 -0.3462078 -0.08850052
440 0.55989534 0.36561757 -0.40397528 -0.09082796 -0.69750357
40 0.47192055 -0.028922917 -0.6279884 0.08774693 -0.3740907
319 0.37375358 0.23389347 -0.73010457 0.009610842 -0.16359922
325 0.26066118 -0.14361459 -0.4396198 -0.68731153 -0.3559069
581 0.18816465 -0.548258 -0.49438176 -0.67703074 -0.31683543
479 0.5719223 0.39312068 -0.42777815 -0.09548782 -0.59255606
65 0.7792121 -0.20807244 -0.36808553 -0.54888535 0.2615658
104 0.49298334 -0.0037204695 -0.5333332 -0.2977948 -0.11906907
987 0.5853948 -0.031218786 -0.4238129 -0.38735497 -0.16085862
1184 0.15244107 -0.3168149 -0.5602853 -0.5599599 -0.34630936
287 0.24348636 -0.24747944 -0.7879551 0.042068016 -0.25276467
338 -0.038007434 0.2959069 -0.9134955 -0.2790051 -0.034116372
213 0.40763235 -0.24575599 -0.43382633 -0.4383447 -0.40111732
1059 0.4256657 -0.048262775 -0.68226534 -0.077113934 -0.07605923
1214 -0.104144365 0.2323222 -0.92984784 -0.35052 -0.015799036
1011 0.0012504531 -0.20764929 -0.62005305 -0.6343792 -0.37282288
1112 0.6586608 0.51082176 -0.40030083 -0.021487547 -0.61739933
1135 0.25825965 0.340108 -0.4307107 -0.7162391 -0.3852548
120 0.6790938 0.20117843 -0.61071354 0.065905355 -0.008649473
785 0.18788214 -0.40836614 -0.8122942 0.09037352 -0.34099543
1079 0.23290078 -0.118632436 -0.65141547 -0.31712002 -0.23223662
11 0.384333 -0.119082004 -0.6915693 -0.20230263 0.04008012
172 -0.21443653 0.3157413 -1.005272 -0.24262367 -0.15048535
56 0.2790375 -0.20872852 -0.75951594 0.14933814 -0.41431653
888 0.39254615 -0.16155565 -0.60740745 -0.1357063 -0.28970182
856 0.2536964 -0.31725565 -0.57505816 -0.122375056 -0.68061006
996 0.43369606 0.12563619 -0.6346752 -0.23692593 -0.010304066
796 0.6329869 0.1252517 -0.5698347 -0.04534755 -0.07293499
94 0.3685267 -0.0055933027 -0.69746333 -0.07952279 -0.14049262
933 0.5983041 0.33469954 -0.35927594 -0.24714303 -0.550252
964 0.43520254 0.0024895624 -0.7386388 0.05679065 -0.06298079
1253 0.36790916 -0.2561686 -0.50416416 -0.24874935 -0.5109932
201 0.59312576 0.47898152 -0.43824765 -0.08044544 -0.54625404
69 0.5325582 0.20836778 -0.5911121 -0.24794288 0.05657097
586 0.25237778 -0.27851364 -0.8356978 0.24972309 -0.3590407
1068 0.61513823 0.38106447 -0.34296077 -0.19203651 -0.64754975
1218 0.62726575 0.09815476 -0.5955182 -0.043858327 -0.004866394
54 0.12479328 -0.19314449 -0.651389 -0.3997842 -0.33404383
106 0.23042944 -0.18921758 -0.5132189 -0.57668453 -0.32528275
78 0.41689894 0.07494048 -0.71370214 0.035748325 -0.15310957
231 0.57572997 0.16774401 -0.59917486 -0.15002142 0.040732253
886 -0.12074269 0.2624436 -0.93478686 -0.38032582 0.0029949115
482 0.7720265 -0.16469169 -0.38146722 -0.48620245 0.20660578
719 0.40550423 0.000790954 -0.69245166 -0.12935193 -0.018754153
403 -0.074060045 0.32685724 -0.8208384 -0.51446086 -0.08810406
288 0.5564501 0.042942956 -0.6202532 -0.11460117 0.030524816
705 0.5490036 0.07792354 -0.6830242 -0.04968934 0.12219599
140 0.30065846 -0.018267646 -0.64761746 -0.21883526 -0.24487881
948 0.6155542 -0.050348237 -0.5908617 -0.088448025 0.027109273
572 0.6153897 0.41981706 -0.42306685 -0.114358895 -0.49850574
157 0.1793699 -0.19603094 -0.60254306 -0.48691586 -0.2645897
916 -0.19745065 0.26108307 -0.9340912 -0.4143778 -0.108423926
198 -0.07569201 0.3545793 -0.92664784 -0.24022125 -0.124083355
722 0.4794922 -0.092306525 -0.61448157 -0.25505385 0.055415686
794 0.40617338 0.17044614 -0.4324512 -0.48645532 -0.37132812
63 -0.06457172 0.3614207 -0.93876016 -0.35420036 0.08376645
864 0.62281114 0.17753065 -0.64931715 -0.032459326 0.12984262
831 0.20604938 -0.32185546 -0.76580894 0.07129269 -0.42900935
906 0.20594716 -0.36103046 -0.7805358 0.050332893 -0.3543307
994 0.52442867 0.4325284 -0.40837595 -0.22037832 -0.588499
136 0.37812006 -0.17481847 -0.70793104 0.0392901 -0.23538925
998 0.21954954 -0.31729504 -0.4177028 -0.75745064 -0.4053459
179 0.5859727 0.033936523 -0.5782734 -0.0959063 -0.0666736
744 0.18261023 -0.16539162 -0.5458895 -0.5944766 -0.2966943
413 0.31706846 -0.2754242 -0.5804317 -0.16281663 -0.48197287
781 0.18940763 -0.5012079 -0.7629017 0.026428793 -0.40432188
573 0.39615268 -0.08140743 -0.6569539 -0.11924842 -0.15381768
226 0.25733772 -0.06913873 -0.79842234 -0.049320336 -0.082710825
910 -0.21300615 0.102282055 -1.0549603 -0.16193601 -0.084036164
1023 0.26789767 -0.45420137 -0.7691211 0.12879792 -0.36588287
902 -0.122920565 0.2417356 -0.9225197 -0.4197341 0.012536928
115 0.40089458 -0.3830766 -0.44076005 -0.18572062 -0.72429395
901 0.0033891338 0.17594099 -0.84706867 -0.3079102 -0.11203647
419 0.27409267 -0.40513337 -0.59823674 -0.14337972 -0.5318975
1140 0.4926526 0.21526189 -0.6773357 -0.035319097 -0.03420848
129 0.5809746 -0.1943232 -0.5029452 -0.47712612 0.20240171
1281 0.55609185 0.41868815 -0.41538167 -0.14691211 -0.5971577
1089 0.6154721 0.12939739 -0.58188945 -0.22000246 0.15741293
337 0.66188157 0.066184334 -0.5464307 -0.17038114 0.07745984
713 0.43771103 0.0350694 -0.65249527 -0.0772927 -0.1491657
50 0.31403756 -0.17065962 -0.54055965 -0.12622316 -0.6714544
689 0.44782203 -0.0005680724 -0.628771 -0.2586783 0.036267348
773 -0.15449099 0.3739136 -0.945619 -0.37667623 -0.045264695
609 0.45867676 0.09460108 -0.56421375 -0.39618504 0.030311732
757 0.5252021 0.3786111 -0.4258391 -0.16320463 -0.6022017
369 0.5949616 0.09642077 -0.52825546 -0.28603885 0.04160305
139 0.35444602 0.32765573 -0.29264534 -0.8196311 -0.49504262
195 0.5831189 -0.0062192143 -0.6505567 0.009178536 0.017396525
123 0.59808636 0.08952351 -0.56905687 -0.1350258 -0.02303923
430 0.53097343 0.4727983 -0.44202366 -0.07340441 -0.66699225
861 0.5986375 0.10408662 -0.6050712 -0.113445446 0.060154166
610 0.6198032 0.5127515 -0.33169085 -0.25296602 -0.6049281
428 0.57041854 0.03965823 -0.5848553 -0.16228087 0.011071379
1115 0.3589883 -0.18017904 -0.644859 -0.0069537656 -0.4081131
466 0.45127314 -0.14690542 -0.6738599 -0.123598605 0.015956149
1236 -0.018440953 0.3936839 -0.8629471 -0.2766496 -0.1628656
355 0.521011 0.19719112 -0.58979726 -0.2203696 -0.005269144
499 0.2820618 -0.3210908 -0.7693316 0.12395868 -0.33744964
358 0.5812652 0.2852324 -0.56918913 -0.22520173 0.047794227
359 0.5478857 -0.05116456 -0.5682589 -0.21146367 -0.013590881
455 0.5037359 0.047530763 -0.6985807 0.14223427 -0.16881034
974 0.4231007 0.09036349 -0.64070106 -0.2554734 0.014391136
79 0.5827302 0.31153882 -0.61517376 -0.15450056 0.09770564
491 0.34188277 -0.054668665 -0.6450441 -0.25955978 -0.11603349
223 0.22122988 -0.3202694 -0.4475972 -0.70113015 -0.38184813
151 0.36937895 -0.18077874 -0.5661877 -0.04344827 -0.5879603
130 0.5315071 -0.144402 -0.58599156 -0.15540172 -0.058470402
272 0.4782479 -0.08546414 -0.63830143 -0.065660335 -0.12256461
435 0.31078175 0.2944808 -0.37823257 -0.8171596 -0.3101042
5 0.19460048 0.21575795 -0.71721333 -0.34579897 -0.088630036
792 0.44575322 0.13676551 -0.6513253 -0.09397183 -0.12268097
636 0.694582 -0.4525803 -0.30928952 -0.6193938 0.021445252
259 0.57748884 -0.12083292 -0.5160185 -0.45111558 0.19728279
769 0.33325362 -0.24456064 -0.64374655 -0.026844881 -0.43462893
1260 0.4881479 -0.19361125 -0.64612985 -0.028230267 -0.12139776
374 0.5760459 0.17287666 -0.5982443 -0.12040814 0.00015143487
704 0.0722758 0.17496412 -0.82465816 -0.31087318 -0.040351864
809 0.6262239 0.37351125 -0.35932776 -0.118706666 -0.6697698
31 0.2769278 -0.28186056 -0.6330785 -0.16437928 -0.39350018
600 0.58525646 0.08123175 -0.6032127 -0.09502538 0.0058614183
93 0.6041079 0.002680718 -0.6545314 -0.03748226 0.12982702
324 0.5954403 -0.23989871 -0.47840062 -0.4619938 0.13801384
444 0.558909 0.054913647 -0.55161434 -0.2971841 0.06174496
420 0.32914314 -0.17066385 -0.6775374 -0.1758836 -0.14223486
184 0.41673112 0.18567647 -0.29693875 -0.6932315 -0.5102358
266 0.043810282 -0.22274302 -0.5892798 -0.5922771 -0.43934706
378 0.38035315 -0.19067451 -0.64216906 -0.11034884 -0.2367373
653 0.47916767 0.13718827 -0.57994455 -0.028341215 -0.36663467
681 0.56529295 0.43987918 -0.27755606 -0.38086167 -0.70845157
758 0.51534027 0.056102738 -0.580406 -0.18207867 -0.0847612
845 0.40631306 0.3195537 -0.377462 -0.6341757 -0.36325365
859 0.5841058 0.15262567 -0.57348424 -0.12875076 -0.048554633
791 0.51310503 -0.0029189705 -0.613961 -0.20576791 0.047591724
3 0.46215895 0.00023395273 -0.5967057 -0.2976946 0.016113369
449 0.82331556 0.39285582 -0.28201336 -0.06638792 -0.5947226
457 0.47750583 0.066032715 -0.62820536 -0.24612008 0.07053504
32 -0.12333821 0.44407594 -0.95641464 -0.33265272 -0.014059988
182 0.3513518 0.23004627 -0.3846622 -0.6867738 -0.37379712
638 0.6323071 0.0068134796 -0.45414755 -0.52973115 0.20580937
258 0.5634071 -0.009199629 -0.6137874 -0.043922335 -0.06485339
23 0.51370126 0.07712507 -0.43745014 -0.2426174 -0.45800105
1063 0.53262883 0.49913397 -0.46836585 -0.109405264 -0.53368926
244 0.5230593 0.087989055 -0.69211054 0.0062396275 0.025834614
1005 0.5090971 -0.17464282 -0.6233423 -0.18681425 0.05646343
701 0.25400507 -0.23540123 -0.75959945 0.1075784 -0.40773195
817 0.48082417 0.095918044 -0.6637629 -0.117072 0.016994132
1143 0.745809 -0.34586477 -0.46280435 -0.40763867 0.31222823
603 -0.11398614 0.32784235 -0.9526679 -0.34094858 0.0132648125
880 0.45132867 0.10028817 -0.65218574 -0.064928465 -0.14421995
467 0.30950683 -0.154214 -0.7116447 -0.14091899 -0.12223771
677 0.4228895 -0.13407674 -0.661546 -0.13979 -0.057099685
300 0.5549094 0.04356993 -0.5568474 -0.24852726 0.0063262647
786 -0.22197199 0.33067328 -0.9799054 -0.3553418 -0.10008966
192 -0.16744946 0.33855072 -0.96196955 -0.35273382 -0.05103284
598 0.36484325 -0.31758082 -0.6331892 -0.16429673 -0.21780843
1121 0.3841539 0.019777426 -0.57484335 -0.40767214 -0.060997803
410 0.49987608 -0.07079269 -0.6011494 -0.1468888 -0.08921075
654 0.48888043 0.2295359 -0.6292583 -0.16699679 -0.018103857
515 0.30453295 -0.015649535 -0.7192859 -0.045011308 -0.24384296
177 0.5349202 0.36834943 -0.23489715 -0.6816376 -0.49903283
1119 0.44495544 -0.03893345 -0.60637236 -0.17851445 -0.1399241
463 0.67326266 0.51736146 -0.37017348 -0.1657202 -0.4905251
381 0.30226445 -0.17794794 -0.64752 -0.25342104 -0.18577185
833 0.49608043 -0.16369393 -0.6812258 -0.06818299 0.053532936
641 0.29363585 -0.353595 -0.6231949 -0.14653324 -0.41266918
190 0.60962385 0.026424237 -0.5456338 -0.09020469 -0.12546536
257 0.7244458 -0.21294685 -0.38977885 -0.52153885 0.18831597
528 0.59563786 0.17680876 -0.5693215 -0.19945084 0.051078934
1069 0.31237942 -0.09306174 -0.5534849 -0.34649587 -0.34216505
8 0.23303768 0.027699862 -0.6938401 -0.30071503 -0.13052846
1070 0.38894328 0.2680714 -0.3711687 -0.6832426 -0.34840217
42 0.48899415 0.24191698 -0.27716047 -0.6449068 -0.49680504
163 0.31581053 -0.0737955 -0.696025 -0.22070263 -0.05891262
913 0.43687567 -0.02603146 -0.6498227 -0.1454353 -0.06600054
329 0.37791595 -0.23790221 -0.45288208 -0.56201476 -0.2375299
696 0.4597799 0.0830732 -0.6368158 -0.25125474 0.06990247
1239 0.35576332 -0.2395605 -0.5999733 0.05738675 -0.63882
417 0.3049287 -0.046347562 -0.71285176 -0.033599418 -0.27533853
802 0.6973837 0.345779 -0.32736287 -0.20722595 -0.508428
180 0.53479886 0.08698962 -0.62573916 -0.1481639 0.046020433
1083 0.5369727 0.3640771 -0.4155056 -0.18332791 -0.58151275
398 0.23422334 0.26572207 -0.73306465 -0.2596374 -0.07675124
1145 0.43418923 -0.01867701 -0.6465719 -0.21089767 0.0029575946
1229 0.34674087 -0.06792659 -0.68633115 -0.21724717 -0.031614397
686 0.63965493 0.47082886 -0.33757797 -0.18859132 -0.6280323
58 0.6042045 0.10784713 -0.55154675 -0.24333592 0.07516397
870 0.43803954 -0.11797419 -0.5239626 -0.36113438 -0.16679774
606 0.3527552 -0.009232155 -0.625288 -0.20504655 -0.23094316
15 0.49415207 0.12203995 -0.60537875 -0.13249138 -0.11898063
607 0.55527145 0.55277234 -0.44131598 -0.14618173 -0.52875984
132 0.01390154 -0.35789067 -0.7200023 -0.3034085 -0.45809022
678 0.62993854 0.4396695 -0.36540294 -0.19014545 -0.5516078
345 -0.057626046 0.19284756 -0.9091428 -0.25989902 -0.10345944
593 0.27918002 -0.07271975 -0.71054333 -0.13394007 -0.19895916
1182 0.29103535 -0.15661615 -0.5027689 -0.49552834 -0.34569964
423 0.48886088 0.0012014504 -0.53566 -0.57059634 0.23289452
1228 0.50923574 0.025789836 -0.5761146 -0.256587 -0.01144241
670 0.40567282 0.5085385 -0.3093306 -0.7955315 -0.38429815
885 0.5379298 0.009127604 -0.6627533 -0.058672603 0.054905597
1030 0.42425007 -0.00038782315 -0.6279492 -0.20842677 -0.07703684
735 0.4230596 0.22627638 -0.33227554 -0.714828 -0.35702905
1146 0.45245203 -0.116437376 -0.6576709 -0.18776947 0.049372785
585 0.27186212 -0.33655247 -0.4663158 -0.56298244 -0.39930895
993 0.310648 -0.121774144 -0.49216425 -0.48287883 -0.35902467
1040 0.37688103 -0.119958125 -0.49390736 -0.13849181 -0.68064487
612 0.40989527 0.10487139 -0.6036546 -0.3231484 -0.038332235
495 0.32916513 0.107099414 -0.39267263 -0.65714705 -0.42205572
185 0.32838458 -0.22349794 -0.54953367 0.00063397165 -0.78202987
1148 0.567094 0.4762344 -0.4173105 -0.12009812 -0.61189044
772 0.46577227 0.097654305 -0.6401987 -0.063637234 -0.15518193
263 0.50961375 -0.049806632 -0.5980803 -0.08208294 -0.16486189
284 0.49996892 -0.05562969 -0.626924 -0.10601723 -0.06303427
951 0.66272825 -0.0564503 -0.49226984 -0.23024692 0.0003281604
742 0.16132127 0.06893494 -0.53113955 -0.69965327 -0.261623
260 0.26419815 -0.14538634 -0.625605 -0.1623653 -0.45419747
747 0.495024 0.050033666 -0.6343384 -0.10416549 -0.059454232
113 0.39822054 -0.06594723 -0.62842494 -0.055359073 -0.3254214
816 0.51814544 -0.08221114 -0.62253356 -0.15601741 0.024954818
991 0.42528158 -0.028748726 -0.50394523 -0.5289476 -0.03989277
313 0.55772966 0.3858082 -0.43635097 -0.058489457 -0.6426709
614 0.5091128 0.14452597 -0.5913494 -0.15307334 -0.107345544
83 0.46106806 0.04524107 -0.7232529 0.0956307 -0.11363265
723 0.24895842 0.280904 -0.4731181 -0.58505875 -0.43723404
664 0.44412985 -0.021231454 -0.59690523 -0.19845416 -0.14679882
1136 0.39434084 -0.06695605 -0.7109827 -0.12688424 0.018079555
1110 0.6400958 0.5288558 -0.38356507 -0.13921778 -0.55022424
514 0.17173338 -0.24022819 -0.5438587 -0.5527651 -0.37482175
623 0.42758617 0.098657295 -0.6580977 -0.079760306 -0.15271944
890 0.2561126 -0.17598356 -0.5570583 -0.5007897 -0.2374164
703 0.37173682 -0.114228345 -0.48342237 -0.42565697 -0.3407491
683 0.30896482 0.10795895 -0.6536717 -0.38288218 -0.0045509646
7 0.44303337 -0.15406919 -0.7233017 -0.013687568 0.0078822225
1086 0.42986724 -0.15990417 -0.61017644 -0.14940275 -0.1880568
946 0.3969698 -0.089239314 -0.66414243 -0.30135274 0.10876254
1053 0.34022838 -0.11376888 -0.4609373 -0.5903855 -0.2584662
1081 0.44481713 -0.07004497 -0.5837531 -0.29249412 -0.06020522
155 0.5275832 -0.12566195 -0.5173795 -0.46409675 0.12327493
863 0.39333233 -0.1217073 -0.6430578 -0.18595032 -0.11224544
1195 0.32386416 -0.1457814 -0.6094837 -0.31308466 -0.18578945
976 0.8602225 -0.27782977 -0.32434484 -0.5083413 0.2343951
12 0.1854216 0.08282811 -0.789489 -0.19964853 -0.06412869
814 0.30641878 -0.3600197 -0.5736121 -0.1690096 -0.5118293
999 0.36968628 0.15928857 -0.39795297 -0.5554201 -0.46279362
628 0.32581168 -0.08543882 -0.77244234 -0.031572536 -0.049622532
488 0.2697209 -0.02630239 -0.6578506 -0.30868128 -0.15582731
102 0.4952118 -0.03876637 -0.6792638 -0.16039607 0.15756816
844 0.3913718 0.22967829 -0.39367175 -0.57412225 -0.41446579
49 0.50736344 -0.021430762 -0.69554967 0.067336835 -0.06737207
1104 0.6347774 -0.2963229 -0.43151066 -0.5758296 0.21943302
725 0.5182757 -0.011663754 -0.57769793 -0.25971416 0.01847582
1056 0.2949437 -0.23969865 -0.5109447 -0.45155665 -0.36664996
373 0.4435806 0.21365786 -0.6806003 0.005631391 -0.17228909
502 0.46981868 0.08455612 -0.65148246 -0.12812574 -0.025636878
950 0.46948177 -0.11665003 -0.6166086 -0.28277713 0.07954047
968 0.763412 -0.20428663 -0.40268186 -0.4845473 0.25549752
393 0.015415982 -0.1135409 -0.67290556 -0.5867287 -0.24446495
1261 0.43515897 0.038849983 -0.6497682 -0.092153944 -0.14350417
271 0.41863337 0.098851345 -0.680111 -0.049657438 -0.14215028
726 0.48367953 0.07536599 -0.6485888 -0.033571824 -0.13231994
59 0.6190637 0.16653165 -0.6045638 0.009592543 -0.06629169
777 0.35610968 0.007886131 -0.72076696 -0.20491067 0.0704922
145 0.50068 0.31436345 -0.27542543 -0.7282081 -0.3743845
716 0.49270052 0.122672595 -0.6629245 -0.046016783 -0.057887513
251 0.40353683 0.15602764 -0.6107957 -0.2716724 -0.09956493
1158 0.23095809 -0.11858799 -0.73966056 -0.26216683 -0.033046205
587 0.4153341 0.064668745 -0.32513702 -0.6661677 -0.44935164
806 0.4829069 0.01836473 -0.69473326 -0.08624486 0.081369795
269 0.39477864 -0.07487201 -0.6730187 -0.055801366 -0.19154172
234 0.46620664 -0.097185016 -0.5971349 -0.19138116 -0.10687414
766 0.30875275 0.03270231 -0.73459935 -0.16428924 -0.033967167
566 0.520987 0.039994575 -0.60924256 -0.25352788 0.108569615
1093 0.45689678 -0.0213705 -0.7256414 -0.00044556323 0.015714023
938 0.48473442 0.19631948 -0.39570123 -0.5367897 -0.26622152
20 0.47988242 -0.08490784 -0.73097885 0.06655307 -0.0056602526
99 0.37692845 0.043112822 -0.68510306 -0.09744861 -0.14163107
159 0.33600807 -0.022455988 -0.7846649 0.108311474 -0.18108991
1082 0.32253918 -0.35563472 -0.47804672 -0.21253505 -0.7281365
225 0.37528417 -0.1580392 -0.6742184 -0.26862103 0.057803813
1202 0.40196463 0.06827038 -0.66307074 -0.13474078 -0.1134045
615 0.35182565 0.11494361 -0.37815806 -0.619775 -0.47286847
1061 0.27030024 -0.02686448 -0.6459868 -0.3157818 -0.18237616
1013 0.4069881 0.1353098 -0.6473106 -0.1850931 -0.09043157
618 0.37575543 0.053264875 -0.7418849 -0.06713824 -0.009568035
400 0.40451917 -0.09848247 -0.63953614 -0.18490362 -0.10538743
1144 0.42498508 0.06348913 -0.6073554 -0.3223628 0.0037887518
497 0.66072625 -0.27168405 -0.48695475 -0.5890312 0.4523722
576 0.25019976 -0.25297433 -0.5470315 -0.40260014 -0.40545878
774 0.10135178 0.17703861 -0.790803 -0.32567996 -0.06787126
1122 0.37963513 0.04681349 -0.62449497 -0.23556392 -0.14311126
860 0.38181087 0.14371435 -0.6655006 -0.06464458 -0.24316248
437 0.5573175 0.00075675227 -0.5988012 -0.23520908 0.12591271
647 0.3922705 -0.046557304 -0.63543266 -0.35669488 0.07860115
295 0.51772887 0.09583514 -0.6677169 0.15980008 -0.2628573
483 0.43386546 0.13449305 -0.59134716 -0.26352143 -0.110074446
1127 0.39234734 0.05286658 -0.6562693 -0.23799168 -0.017246641
364 0.3385217 0.010192104 -0.7330686 -0.08118911 -0.08750496
330 0.6726358 -0.29348242 -0.45943058 -0.60082465 0.40716577
565 0.14605464 -0.023968408 -0.74246895 -0.26972866 -0.18856019
919 0.6705597 -0.4719552 -0.43415514 -0.62124854 0.3614486
285 0.47075737 -0.00021085727 -0.60817957 -0.17052673 -0.09741362
382 0.32131997 -0.03564567 -0.7256512 -0.17552783 -0.017397743
280 0.5588358 0.08547639 -0.6137834 -0.09481654 -0.013199903
941 0.44307372 -0.060248252 -0.6821961 -0.07532906 -0.04378092
865 0.37282243 0.067985944 -0.7373812 -0.053476516 -0.047354214
1201 0.56405735 -0.00047343562 -0.5940504 -0.20934804 0.09057946
143 0.45538557 -0.07502909 -0.7211491 0.024803113 -0.029718494
351 0.36205462 -0.41592857 -0.4644449 -0.20913734 -0.69270015
161 0.29075384 -0.055747878 -0.65073735 -0.32570535 -0.11183605
639 0.5195512 0.0043630484 -0.5525793 -0.2167109 -0.11388833
1266 0.46661052 0.03589913 -0.60677195 -0.24756613 -0.0113422
795 0.31505728 0.018290231 -0.6502503 -0.25288206 -0.1663186
692 0.4303605 -0.10747177 -0.6654016 -0.1650929 -0.00042350456
680 0.5237819 0.064788304 -0.54229397 -0.053058542 -0.3581122
780 0.47760195 0.054545194 -0.58733195 -0.24848573 -0.0503505
617 0.19160035 0.116588995 -0.74571204 -0.31967878 -0.033511423
782 0.5364875 0.062492415 -0.5758703 -0.020629797 -0.2705129
884 0.8268218 -0.37335318 -0.33052656 -0.5838436 0.2906121
1060 0.3910051 -0.014435456 -0.6006361 -0.23601879 -0.18979985
866 0.699575 -0.35480505 -0.43997017 -0.5862597 0.38419622
405 0.46970198 -0.06999246 -0.63526624 -0.059308488 -0.15631056
718 0.5556811 0.07808194 -0.6821719 0.08570867 -0.044600345
882 0.39772838 -0.087609 -0.6992838 -0.081223816 -0.07041286
1132 0.61878335 -0.039580155 -0.5270605 -0.09179262 -0.1595134
1052 0.49310404 -0.050780285 -0.49265686 -0.35608846 -0.16650632
489 0.4686779 0.2809209 -0.29245183 -0.7412887 -0.36421034
721 0.5094413 0.08871165 -0.61038613 -0.1571097 -0.038150586
232 0.40376222 -0.12118404 -0.6455323 -0.14421995 -0.13973999
891 0.43959445 0.09943897 -0.51097196 -0.29482895 -0.30544025
493 0.32604206 -0.05716608 -0.6606247 -0.20196715 -0.17321372
128 0.051221225 -0.1793591 -0.648749 -0.6666561 -0.13995305
555 0.28469127 0.022247646 -0.75902927 -0.13636622 -0.041478124
296 0.6881989 -0.28317264 -0.400402 -0.62202835 0.28359064
1028 0.52487177 -0.016563391 -0.6185305 -0.06384583 -0.09763387
1049 0.48368487 -0.016283806 -0.5911911 -0.115440644 -0.19718717
529 0.844216 -0.41356826 -0.42288646 -0.53935766 0.54818535
682 0.48317742 0.09596352 -0.56186044 -0.3264545 -0.019839391
918 0.3665911 0.050622884 -0.63173777 -0.22036856 -0.16721088
21 0.634194 -0.10630059 -0.56536275 -0.14925796 0.066389926
485 0.448397 -0.07941779 -0.5788303 -0.25943482 -0.110921696
282 0.34293488 -0.16894813 -0.70554256 -0.18101537 -0.021948066
349 0.47037292 -0.06559905 -0.63149416 -0.23824345 0.06721236
1190 0.47634786 -0.065954044 -0.6076454 -0.18162017 -0.07011166
197 0.4414683 -0.03000253 -0.6837384 -0.03932678 -0.09048084
644 0.4931522 0.01714653 -0.6402473 -0.13847516 0.0030434567
386 0.22258772 0.26437482 -0.7744241 -0.12198518 -0.15234439
372 0.40060404 -0.06382774 -0.5764676 -0.33268672 -0.117048316
584 0.6815241 -0.2370601 -0.39787495 -0.5816317 0.20845054
13 0.35815367 0.01783321 -0.66418445 -0.14101847 -0.18367821
574 0.4137904 0.016752502 -0.6670721 -0.0065547656 -0.24365142
44 0.4120866 0.0387692 -0.67574847 0.09555234 -0.3566245
957 0.40754274 -0.00083446625 -0.7052559 0.0440089 -0.20302382
1047 0.53865653 0.13284793 -0.64240664 0.03597258 -0.1388574
9 0.37039036 -0.10398726 -0.76079494 -0.12901007 0.12872687
1206 0.29367465 0.04827273 -0.61148196 -0.380066 -0.16321352
310 0.32841262 -0.051566686 -0.63406163 -0.33324322 -0.08083949
708 0.4657997 0.12123807 -0.60581267 -0.1589497 -0.13813964
496 0.48456764 0.19256297 -0.54740906 -0.27595985 -0.13356058
26 0.54452854 0.13356987 -0.52065146 -0.39457104 0.05850398
595 0.58920044 -0.07728376 -0.604941 -0.06168517 -0.014529357
1090 0.43602902 -0.10745344 -0.67314225 -0.11309825 -0.032538112
370 0.42623654 0.015840668 -0.6551434 -0.23121496 0.0391182
237 0.48205045 0.02987982 -0.6328232 -0.12901111 -0.0549852
24 0.49547836 0.119915605 -0.5328012 -0.26022345 -0.17435937
28 0.12122528 -0.120762564 -0.8616596 -0.15042888 -0.017714536
248 0.7780372 -0.35161823 -0.4145763 -0.5114342 0.36153585
363 0.3765143 0.053495716 -0.6559183 -0.18223208 -0.12229449
451 0.33034444 -0.25182942 -0.6948116 -0.02852466 -0.27579042
71 0.59334713 -0.080602 -0.5851297 0.048915338 -0.21452203
394 0.3626719 0.110189475 -0.331681 -0.75211555 -0.42274064
149 0.3450393 -0.07506042 -0.49894783 -0.49551824 -0.25550035
17 0.5398965 -0.17855127 -0.5057555 -0.4499793 0.09613235
580 0.3830184 0.06637795 -0.6930262 -0.12373668 -0.07173752
1156 0.32551724 -0.25643632 -0.5372929 -0.07616021 -0.72102356
474 0.29081556 0.21227348 -0.35877123 -0.7402607 -0.50756633
43 0.39609295 0.020923607 -0.617815 -0.20824309 -0.16573608
805 0.40405837 0.10316697 -0.5978308 -0.3361617 -0.051364765
253 -0.12884963 0.5481813 -1.0301492 -0.13276269 -0.066958785
596 0.06508812 -0.11456131 -0.7089903 -0.43446952 -0.23153716
562 0.32184073 0.02509713 -0.7840689 -0.013912039 -0.05280247
109 0.44498557 -0.13418166 -0.6733765 -0.012456468 -0.14524497
70 0.34836376 -0.011737432 -0.66882694 -0.35917714 0.097941495
1088 0.606689 -0.008419931 -0.6407955 -0.006257521 0.052069653
1130 0.44040087 0.037570298 -0.70511323 0.095965564 -0.2099137
667 0.52414334 0.031150965 -0.65756524 0.014485258 -0.08583117
616 0.55725884 -0.059452266 -0.5145615 -0.23038846 -0.13667563
187 0.5087726 0.074075155 -0.65012527 0.032086696 -0.16372117
557 0.4165183 -0.1389366 -0.63001263 -0.27632743 0.011883736
46 0.45155066 0.038295463 -0.64379156 -0.14679371 -0.058476914
751 0.31882176 -0.111844294 -0.5394271 -0.35855445 -0.35724223
6 0.54254824 -0.09119566 -0.576034 -0.20572254 -0.004047744
1055 0.32284465 -0.027933717 -0.6857931 -0.22095698 -0.07925622
530 0.38440374 0.090843566 -0.69394535 -0.08414615 -0.12043851
940 0.7042892 -0.35106957 -0.4101482 -0.5826262 0.29768056
626 0.4627177 0.13088332 -0.6194566 -0.122495145 -0.15071528
441 0.3371826 -0.2170642 -0.6294242 -0.23078707 -0.20085287
414 0.3312794 -0.41684633 -0.53135633 -0.18315077 -0.5771816
434 0.247537 0.14963886 -0.80362695 -0.049153913 -0.09974051
1200 0.4238603 -0.057977848 -0.5675079 -0.3062617 -0.1337434
569 0.42706376 0.066868365 -0.63551986 -0.11732953 -0.1736582
206 0.32832113 -0.053534325 -0.5871056 -0.30841222 -0.25961122
698 0.48044774 -0.13381498 -0.65266633 -0.14375007 0.03222943
541 0.54300874 -0.06381263 -0.6007367 -0.08415151 -0.088587835
218 0.31116816 0.25766537 -0.68634415 -0.20026855 -0.14874998
1216 0.23999524 0.08346831 -0.7693557 -0.034155667 -0.23468558
847 0.45316902 0.058530424 -0.60606116 -0.20350702 -0.09878591
1133 0.33446002 -0.31211057 -0.72468054 0.012031712 -0.22523093
1265 0.3588723 -0.07879271 -0.5421583 -0.31769297 -0.32648683
788 0.5402564 -0.21531881 -0.55032367 -0.3559256 0.11398404
230 0.47127217 0.062039975 -0.57729197 -0.35193697 0.039691247
2 0.38943067 -0.100525565 -0.61961395 -0.22464462 -0.14519727
447 0.5100294 -0.085285015 -0.5557158 -0.22133985 -0.110805556
760 0.5577167 0.26324114 -0.67563885 -0.0331391 0.08176892
1080 0.22877999 0.058609337 -0.82666206 -0.0007955478 -0.12437534
846 0.4464686 -0.05247853 -0.72766393 0.09451819 -0.120623566
826 0.6370531 -0.09471548 -0.5547194 -0.18459632 0.08466708
80 0.5064706 -0.19342886 -0.5678582 -0.295978 0.023254186
522 0.6617312 0.101973444 -0.54895246 -0.09322974 -0.017222682
564 0.6392088 -0.082091436 -0.5851198 -0.04077857 -0.005064899
1237 0.33967048 -0.03929566 -0.5063936 -0.46923724 -0.27818462
1259 0.5101444 -0.018427912 -0.5605457 -0.120006904 -0.23364386
685 0.49450567 -0.05254997 -0.58625466 -0.23245613 -0.034790665
965 0.31425557 -0.16794868 -0.6797542 -0.3081974 0.006231335
929 0.4414019 0.17306164 -0.5884769 -0.15189134 -0.25380084
824 0.26395926 0.23826577 -0.6920641 -0.3307356 -0.05168591
277 0.55134904 0.07362266 -0.6654935 0.031586803 -0.03409873
246 0.64909375 -0.37531236 -0.47457936 -0.53031576 0.32197893
472 0.3498881 -0.047229588 -0.6619369 -0.3577573 0.079005055
138 0.4198676 -0.048787586 -0.65235215 -0.2267893 0.01603609
810 0.27964187 -0.032009374 -0.69840926 -0.2390588 -0.10123633
622 0.7204102 -0.36302328 -0.42227504 -0.5159726 0.281571
424 0.6537261 -0.3545563 -0.4042452 -0.64706135 0.26541913
823 0.53290844 -0.10526836 -0.61321807 -0.10207292 -0.04355281
1020 0.36148086 -0.052326437 -0.65768987 -0.22622949 -0.08141275
229 0.39683738 0.07837278 -0.6558909 -0.12582271 -0.15846613
443 0.30376124 -0.15516655 -0.73127335 -0.012318242 -0.24171253
789 0.4939305 -0.16596428 -0.6326953 -0.12538497 -0.025933648
1226 0.48047978 0.03394814 -0.6661572 -0.12629221 0.040247045
22 0.4465718 0.13778056 -0.58516663 -0.17654058 -0.21678944
181 0.26151603 -0.053764626 -0.7373551 -0.29636675 0.059605245
1097 0.8637697 -0.23673773 -0.34003705 -0.5439201 0.33201918
87 0.3853181 0.11329252 -0.8029841 0.17580254 -0.12534459
828 0.61953247 -0.18507764 -0.51314217 -0.5107722 0.34871146
476 0.66247517 -0.36327803 -0.41830987 -0.6060476 0.27396244
536 0.7046005 -0.44835472 -0.4010588 -0.5862946 0.27960634
1100 0.49943158 0.28193837 -0.5892673 -0.3870326 0.16105936
627 0.04126161 -0.22015296 -0.77194214 -0.31730032 -0.23115046
178 0.4995847 0.0023871548 -0.6587374 -0.14079635 0.074915975
1238 -0.010696733 -0.1874723 -0.697492 -0.47078025 -0.36537966
1074 0.4302454 0.090574935 -0.6286284 -0.30830595 0.060397368
462 0.4414195 0.19837134 -0.6355376 -0.14522757 -0.117669776
697 0.4738948 0.17142579 -0.61308765 -0.01162433 -0.2977527
665 0.5050821 0.04779166 -0.60814977 -0.07204036 -0.1622566
748 0.4693493 0.19850206 -0.6692096 0.022776434 -0.17905909
1008 0.37976485 -0.1328082 -0.72557527 -0.023298595 -0.09585524
538 0.3419241 -0.025752818 -0.6886095 -0.17796634 -0.08917741
511 0.53268737 0.11087347 -0.6084853 0.042357553 -0.26375908
66 0.40034062 0.06652806 -0.77053237 0.109633036 -0.105103575
1038 0.37149146 -0.097844906 -0.61054295 -0.26786083 -0.15089099
604 0.68426704 -0.3112802 -0.42019594 -0.62095636 0.33689344
503 0.3954501 0.09990928 -0.70178485 -0.08327991 -0.076970965
752 0.44550964 -0.12989555 -0.5915337 -0.22541814 -0.11881497
1116 0.40439755 0.078669 -0.65739405 -0.20567636 -0.03487696
1197 0.48616904 -0.09689017 -0.54818547 -0.26084313 -0.13010675
633 0.5410442 -0.14919405 -0.58601624 -0.23337707 0.062393233
1284 0.3793086 0.10191915 -0.550316 -0.3634941 -0.21009889
468 0.46721688 -0.05026185 -0.6237119 -0.045266543 -0.21742581
531 0.25965574 0.036920942 -0.6923972 -0.2138696 -0.19634545
4 0.33264267 0.08975292 -0.709981 -0.17757815 -0.04933875
674 0.6168002 0.007446905 -0.6785053 0.061030313 0.09970919
570 0.17100754 -0.03698928 -0.6640478 -0.42801136 -0.17553341
64 0.4047917 0.05648239 -0.7210544 -0.17673615 0.12537616
333 0.4967737 -0.14697935 -0.61025524 -0.1754665 -0.024294041
1087 0.5669696 -0.05698307 -0.5850636 -0.14210989 -0.014817243
928 0.47239837 0.020840628 -0.5929777 -0.13882387 -0.18399812
1031 0.5203209 0.064731136 -0.6138543 -0.027666396 -0.17463852
966 0.34939364 0.10411834 -0.6609027 -0.1876959 -0.15636337
415 0.5789144 0.11624121 -0.5964323 -0.08252865 -0.046012986
819 0.30019772 0.19480447 -0.6976869 -0.23782258 -0.08110698
175 0.60014105 0.13508582 -0.48243353 -0.3011936 -0.07349683
532 0.45318246 -0.09861048 -0.6087568 -0.12584618 -0.18226668
949 0.32685897 -0.097505 -0.7732297 -0.06196529 -0.0046172417
534 0.5044438 -0.04974889 -0.61706245 -0.08769472 -0.10893466
879 0.41127756 -0.18843332 -0.5603776 -0.33367357 -0.13662757
611 0.47686157 0.025412165 -0.6870223 0.05131553 -0.13498417
730 0.33908275 -0.10553544 -0.73228854 -0.10218312 -0.054311484
57 0.4681942 -0.12675235 -0.600688 -0.13909619 -0.15897985
702 0.55941117 0.11369415 -0.53158075 -0.19528748 -0.13738267
554 0.6335019 0.03667121 -0.5102749 -0.270916 0.044879835
45 0.41348916 -0.013124996 -0.6245404 -0.34924173 0.07508806
643 0.37313744 -0.10257818 -0.6580738 -0.09744213 -0.22362249
875 0.4191724 -0.06388475 -0.664234 -0.13187507 -0.07111539
470 0.4740288 0.19268164 -0.61592275 -0.17239915 -0.07836446
347 0.35066637 -0.048005626 -0.7131996 -0.25433454 0.10372079
317 0.47269425 0.027951129 -0.6278744 -0.13005497 -0.088106744
1044 0.38749686 -0.083222166 -0.504789 -0.48168442 -0.16928117
700 0.36749753 0.02612486 -0.6728554 -0.16065484 -0.11411759
262 0.3069837 -0.09470612 -0.5969782 -0.41346112 -0.1302164
124 0.46190333 0.18450466 -0.65320826 -0.03871484 -0.16231538
411 0.51417243 0.025038166 -0.5593947 -0.27248615 -0.03160684
837 0.4789147 0.073799886 -0.6834486 -0.1107152 0.066176765
183 0.3346043 -0.13266894 -0.75769204 -0.06481089 -0.03238395
535 0.5104932 -0.016021116 -0.6052443 -0.3028172 0.14374217
1050 0.457948 -0.031157052 -0.58547044 -0.21717153 -0.12893829
731 0.40593523 -0.11357482 -0.64379567 -0.32737535 0.097940646
504 0.41513598 0.0377628 -0.6257896 -0.33619577 0.06264023
694 0.43340093 0.21723993 -0.612754 -0.102235585 -0.26135954
909 0.40963408 -0.055960316 -0.68698937 -0.08623608 -0.08040291
375 0.49164692 -0.18326028 -0.6322651 -0.15352018 0.0070906533
931 -0.023437796 -0.12174351 -0.69213563 -0.60309035 -0.23953481
105 0.30297482 0.046224594 -0.7338269 -0.21586777 0.01868629
438 0.25912562 -0.006449886 -0.70397985 -0.26922745 -0.08619117
294 0.3662494 0.15835297 -0.76487625 -0.0037469976 -0.04739449
318 0.5443819 0.001107834 -0.48119357 -0.47282675 0.046511676
784 0.52719027 0.1267097 -0.5445907 -0.30376834 -0.017458092
982 0.5135476 -0.122421086 -0.6107328 -0.16794409 -0.0022124974
545 0.37594408 0.1382408 -0.6029576 -0.33569518 -0.09304425
634 0.5425614 -0.13605362 -0.6137103 -0.28271827 0.21342704
1091 0.45770043 -0.15906744 -0.6903543 -0.11786793 0.07106432
118 0.3316013 -0.07901119 -0.70992583 -0.22262728 0.017877119
942 0.5198748 -0.10028231 -0.57347214 -0.15447395 -0.1234023
250 0.31988245 -0.050342675 -0.63320214 -0.30548337 -0.13549699
306 0.4391078 0.040084295 -0.62231976 -0.36921388 0.14009918
286 0.52073383 0.06525528 -0.64824843 -0.12333687 0.05748446
597 0.121580966 -0.33755156 -0.69629705 -0.3539928 -0.2518061
714 0.4425132 -0.024527786 -0.6193774 -0.13794148 -0.15878089
624 0.3113206 -0.11982541 -0.70723027 -0.13811949 -0.13758709
1048 0.6269152 0.115451306 -0.56230664 -0.16982768 0.056420304
690 0.41952828 -0.07920047 -0.6138976 -0.21112452 -0.12169521
887 0.5745097 0.13004978 -0.5309848 -0.24620311 -0.044065557
268 0.40699026 -0.052195065 -0.62859446 -0.29922602 0.012090555
302 0.4648432 -0.015639244 -0.6076676 -0.19035105 -0.083445124
1039 0.36887696 -0.060290314 -0.69583565 -0.21313989 0.034020543
478 0.327917 -0.031262767 -0.7259861 -0.20705818 0.03699824
812 0.42890006 0.020244058 -0.6318007 -0.16834125 -0.11056341
648 0.3788 -0.05951173 -0.708123 -0.107358135 -0.046758033
432 0.48070595 0.073853165 -0.49869958 -0.29532972 -0.25997934
1 0.460926 0.07283678 -0.7039423 -0.006243375 -0.039926007
750 0.44450304 -0.16588783 -0.6519744 -0.2184071 0.05893816
688 0.5325695 0.05753835 -0.6233205 -0.109201014 -0.014946443
207 0.44124994 -0.094682224 -0.67866474 -0.10727042 -0.014583276
315 0.47147158 -0.118574925 -0.48169363 -0.41914266 -0.15602568
47 0.5556783 -0.08615431 -0.5858267 -0.17275847 0.007210322
134 0.34311873 -0.13606848 -0.6893818 -0.16810605 -0.090419166
621 0.56425154 -0.14076447 -0.5865594 -0.30172583 0.19655973
1045 0.4016055 -0.02419696 -0.6058896 -0.33499885 -0.023575436
1282 0.3352574 -0.04248813 -0.681403 -0.21757378 -0.0713369
160 0.6795267 -0.33662295 -0.4661558 -0.27966952 0.033273216
544 0.35391948 -0.2769859 -0.69085675 -0.27658084 0.08470095
715 0.2223606 0.038729608 -0.68735653 -0.31541803 -0.15249343
770 0.36427245 -0.09184723 -0.71601224 -0.19411385 0.06499059
825 0.39086998 -0.029028289 -0.6372885 -0.2853298 -0.012669878
62 0.43149978 0.076731816 -0.6066679 -0.2761779 -0.04615852
1006 0.46118438 0.040816147 -0.54158497 -0.3461497 -0.09671438
632 0.46013933 0.05483309 -0.6220865 -0.21136945 -0.025497895
1027 0.33443713 -0.032452185 -0.68473375 -0.284302 0.023598189
1058 0.5422615 -0.0690365 -0.5353369 -0.19252141 -0.15032834
1103 0.6440095 0.124938324 -0.51801395 -0.2577327 0.066525154
1141 0.55881715 0.015114498 -0.6255952 -0.05528211 -0.025957316
365 0.61515236 0.018135482 -0.55821246 -0.18681121 0.04945653
568 0.68072283 -0.059508715 -0.50968736 -0.17241737 0.01305589
422 0.6075058 0.07650671 -0.5998572 0.03017252 -0.124056265
1010 0.5902103 -0.13521908 -0.5599332 -0.1286099 -0.059981592
270 0.5473476 -0.16116749 -0.5180529 -0.26560703 -0.09187408
459 0.418889 -0.07307732 -0.6637168 -0.26498494 0.100866444
222 0.43555796 0.056926917 -0.6640311 -0.11863248 -0.06415088
959 0.6709448 -0.46140698 -0.4255782 -0.5221151 0.2095382
267 0.57456666 -0.007001229 -0.5251622 -0.30452272 0.023354838
1019 0.33251345 -0.20261274 -0.73665255 -0.03991317 -0.12917489
637 0.44276807 -0.08156193 -0.6452328 -0.2099483 0.018913094
867 0.39707825 0.075261176 -0.6141343 -0.25690436 -0.11516533
111 0.2949699 -0.09626148 -0.71405995 -0.14633927 -0.13902412
1131 0.38939646 -0.1330478 -0.61216986 -0.21671082 -0.17547163
458 0.36545616 -0.09988585 -0.56242955 -0.2691959 -0.3116002
39 0.44453457 -0.2881727 -0.60460895 -0.29846704 0.02593663
376 0.46021432 0.007693809 -0.5358638 -0.44494873 0.014474727
839 0.47793218 0.025618302 -0.71582496 0.12968747 -0.14633761
233 0.29676577 -0.16564131 -0.67464244 -0.29568452 -0.05916453
630 0.5405164 0.0014998702 -0.5092498 -0.35769883 -0.022101093
947 0.41537762 0.008448108 -0.6904099 -0.08711296 -0.061074056
1007 0.642323 -0.1700011 -0.4838202 -0.27300048 -0.0031318234
995 0.31256938 -0.10824453 -0.68543094 -0.17549555 -0.1550319
25 0.46339175 -0.10597583 -0.5639491 -0.25119442 -0.13649577
114 0.3988268 -0.07332567 -0.64882225 -0.30794346 0.07250045
125 0.49054265 0.0045436188 -0.6095819 -0.17066464 -0.0544514
1042 0.4971406 -0.1639438 -0.57745117 -0.25850618 -0.01578435
518 0.23509519 -0.23763204 -0.7171424 -0.26086122 -0.08898053
779 0.33788383 -0.22269721 -0.70893586 -0.17363784 -0.028179977
397 0.55907553 0.027215295 -0.5584386 -0.11001056 -0.15987714
343 0.37350565 0.08876961 -0.6395739 -0.18300252 -0.1803561
939 0.4870984 0.036540616 -0.51498896 -0.48946372 0.060148664
687 0.3298184 -0.023017496 -0.568989 -0.50824034 -0.053599656
453 0.44617504 -0.06529687 -0.6344251 -0.24342622 0.03568875
10 0.4117992 0.02293287 -0.622842 -0.28903398 -0.013567207
52 0.2867755 -0.17606552 -0.7462855 -0.19226116 0.009022802
88 0.5017061 -0.0632314 -0.5981946 -0.16767332 -0.06682416
749 0.637413 -0.2658975 -0.47366142 -0.3810652 0.10162984
813 0.34570107 -0.13432619 -0.7483354 -0.082622804 -0.01371568
1009 0.31262755 -0.08506145 -0.62669456 -0.26645085 -0.21917443
356 0.377296 -0.18439695 -0.6544582 -0.107193336 -0.2092462
645 0.38325608 -0.1544814 -0.70836556 -0.1030256 -0.036535095
1096 0.41775435 -0.028458245 -0.59849066 -0.2278057 -0.15397021
492 0.43647668 -0.088533506 -0.561097 -0.4482781 0.057355613
339 0.39466047 0.093166195 -0.6277287 -0.30695435 -0.013964388
48 0.3060316 -0.14097296 -0.59734106 -0.42475998 -0.114148825
18 0.548817 -0.06582184 -0.5352677 -0.17962079 -0.15487854
1051 0.3431808 0.06318128 -0.656952 -0.25915715 -0.083612345
314 0.301093 -0.115271166 -0.72099274 -0.17789358 -0.0630329
827 0.43895373 -0.03526201 -0.5788227 -0.28435066 -0.09962165
783 0.4519271 -0.0679135 -0.56751865 -0.20447879 -0.21145262
1199 0.39188215 0.0055798036 -0.72924864 0.0692563 -0.19299775
652 0.48250026 -0.13523556 -0.63084793 -0.120903365 -0.06094032
551 0.5174605 -0.05952704 -0.51873976 -0.30500767 -0.10378181
717 0.5289482 0.1599384 -0.60329634 -0.11811584 -0.077885725
602 0.6366294 -0.03742357 -0.42138037 -0.5256745 0.111939326
1054 0.36416805 -0.16600995 -0.71170735 0.0038451382 -0.20370394
962 0.5177935 -0.10317922 -0.5773142 -0.27888307 0.047378406
546 0.56533855 -0.059368942 -0.59083515 -0.11488077 -0.035464745
275 0.29176983 -0.10244805 -0.57404697 -0.35719952 -0.30478165
1065 0.48377427 -0.092826575 -0.6153233 -0.09013982 -0.14875686
759 0.32953838 0.336811 -0.75151646 -0.16676003 0.038490545
874 0.65879136 -0.27234548 -0.5238519 -0.09431954 -0.07509443
818 0.43432203 0.087236375 -0.6127407 -0.18434952 -0.14257982
787 0.49388257 0.0336337 -0.62897927 -0.30086893 0.17814173
96 0.39366147 -0.09474567 -0.5383246 -0.30429018 -0.28396282
297 0.40979508 -0.031891942 -0.6377003 -0.28342986 0.023938293
1215 0.23856387 -0.18746549 -0.6709524 -0.49664453 0.07880589
309 0.46460286 -0.02672875 -0.61520106 -0.15545079 -0.10547601
590 0.50000405 0.07108026 -0.5862753 -0.16731757 -0.11707422
1041 0.5822473 -0.03974331 -0.45309404 -0.24266103 -0.26459232
186 0.46300384 0.14362732 -0.63624513 -0.16469051 -0.042342275
152 0.2771254 0.06271113 -0.7447717 -0.32355627 0.14131056
308 0.47105134 0.043655407 -0.56078494 -0.17948793 -0.23483135
953 0.40382388 0.055634696 -0.65066504 -0.18785936 -0.07807005
1188 0.32003427 0.24672171 -0.70014066 -0.17523387 -0.119181834
1118 0.29863313 -0.19889359 -0.620682 -0.37746653 -0.113263115
289 0.54516965 -0.022008907 -0.5905445 -0.16226523 -0.015678676
579 0.3811061 -0.12540443 -0.5449982 -0.30263007 -0.28842264
273 0.55375487 -0.34715214 -0.65060914 0.04200969 -0.06200487
199 0.19577178 -0.26074734 -0.650122 -0.45834574 -0.11557615
830 0.4767109 0.17999408 -0.63875127 0.008773582 -0.23811166
608 0.3570141 -0.122427024 -0.5776036 -0.44099975 -0.05353769
353 0.53417265 -0.16681331 -0.51541096 -0.3498664 -0.015734116
16 0.43099964 -0.1650392 -0.64332455 -0.14698449 -0.0873282
107 0.5790223 -0.12718861 -0.6262791 -0.10044633 0.085957594
558 0.32801038 -0.19514795 -0.6949143 -0.29444286 0.06577304
214 0.39180478 0.078125864 -0.787576 -0.07223915 0.16726793
1125 0.30510864 0.09537364 -0.6494831 -0.3423202 -0.07656489
519 0.04298574 -0.1385133 -0.8035019 -0.30770713 -0.14415234
1124 0.45436975 -0.09623688 -0.5491403 -0.31811056 -0.11331619
383 0.6098257 -0.17787556 -0.5412622 -0.21801782 0.03944903
1192 0.42768896 0.042508688 -0.6612351 -0.22609282 0.051890135
292 0.36065668 0.06543144 -0.6690398 -0.23471972 -0.044931747
836 0.4070741 -0.04810834 -0.6113823 -0.3151487 -0.019674
153 0.40447325 -0.14700812 -0.6333903 -0.29514995 0.022933716
312 0.48279852 -0.2363847 -0.61622375 -0.12450976 -0.09421695
460 0.3714812 0.16899197 -0.64161706 -0.056060813 -0.35108185
464 0.4409988 -0.09438116 -0.6383392 -0.25023538 0.04730778
1029 0.45389277 -0.12540805 -0.67408794 -0.022136938 -0.11292217
1113 0.59555674 -0.07423216 -0.39918217 -0.2778991 -0.35840306
396 0.4695501 0.17423256 -0.65835303 0.008801912 -0.19146447
219 0.52899486 -0.25958875 -0.6085438 -0.11658212 -0.038273107
1249 0.5955056 -0.13988222 -0.44504294 -0.36709026 -0.09486312
307 0.60574454 -0.055177804 -0.5948863 -0.016067592 -0.0746286
691 0.4186374 -0.10803056 -0.71104616 -0.10645162 0.04170799
663 0.39800924 -0.017289946 -0.739345 0.08264609 -0.16596657
148 0.46575096 -0.04170831 -0.52469516 -0.29944536 -0.19502571
516 0.5635698 -0.07566145 -0.5482898 -0.16201943 -0.10721438
425 0.28002286 -0.18931994 -0.7081086 -0.22132035 -0.083231516
210 0.4859969 0.16199322 -0.58912164 -0.27459347 -0.0019446156
19 0.6052838 -0.12893972 -0.6631857 0.10152147 -0.0141369365
1120 0.55553824 -0.03536557 -0.6324573 -0.1623625 0.133862
958 0.60493565 -0.2156863 -0.49244165 -0.47627726 0.21464384
1002 0.4629622 -0.06079354 -0.5967747 -0.2009039 -0.10413919
227 0.57542723 -0.010074629 -0.61540926 -0.08717133 0.02101196
525 0.5571307 0.14174497 -0.6276917 -0.06935141 -0.010543769
465 0.5330241 -0.22544551 -0.5704592 -0.30424336 0.09631892
