1284 5
514 -0.53031313 0.101333685 -0.18191381 -0.026410367 -0.56741273
998 -0.48605955 0.2654349 -0.12765004 0.2558766 -0.58794415
266 -0.60348773 0.31432107 -0.079932354 0.14965314 -0.5284277
1221 -0.51423746 0.032007564 -0.10041515 0.472475 -0.42081323
296 -0.5324848 -0.082612574 -0.062183607 0.14567366 -0.48758873
630 -0.52281123 0.1512577 -0.0034065186 0.333368 -0.524722
899 -0.4846921 0.32536152 -0.17952505 -0.04926741 -0.69749045
114 -0.4919018 0.18228735 0.016463503 0.39438868 -0.5559708
330 -0.52514046 -0.077642485 -0.15815201 0.123443395 -0.4732539
838 -0.51929796 -0.15992495 -1.1764293 0.08451638 -0.1961756
220 -0.50733876 -0.09420338 -1.1538614 0.11128257 -0.22300659
119 -0.50682837 -0.10440818 -1.1450907 0.11827634 -0.21955045
1250 -0.449552 0.19787107 -0.2575328 0.64357126 -0.43682763
737 -0.50787467 -0.1356444 -1.1777015 0.05255269 -0.226978
773 -0.5553623 0.2544203 -0.37205428 0.1537739 -0.46817902
136 -0.4642859 0.38176265 -0.20874497 -0.09968629 -0.7469654
707 -0.53079826 -0.09162217 -1.1396315 0.08852812 -0.2077155
940 -0.57295305 -0.02151244 -0.04261791 0.15241536 -0.46645713
443 -0.4762937 -0.06906086 -0.15645964 0.5140465 -0.3973483
131 -0.50511533 -0.16454422 -1.1544765 0.13476217 -0.19644456
603 -0.49532413 0.1584491 -0.10278284 0.35289776 -0.5185421
734 -0.5136293 -0.11653318 -1.1769627 0.09178306 -0.21004345
297 -0.47760466 -0.11822341 -1.1885815 0.1387624 -0.23046182
871 -0.51898634 -0.11855842 -1.1164514 0.09614348 -0.21859437
495 -0.44316733 0.072254434 -0.29711372 0.15547308 -0.5549278
840 -0.48397458 -0.15300551 -1.2004174 0.092419095 -0.22556283
668 -0.52221644 -0.1177929 -1.1234863 0.06430653 -0.22157593
922 -0.5389607 -0.1502932 -1.1264644 0.078654066 -0.19093011
430 -0.5022397 -0.061246518 -0.2658625 0.025921024 -0.5041642
440 -0.386734 0.11155375 -0.11886443 0.1714943 -0.67784256
328 -0.4926473 -0.12500213 -1.1330935 0.14596984 -0.22281253
1274 -0.5773077 -0.13200873 -1.1518806 0.0644086 -0.15648039
113 -0.51738125 0.25645906 -0.1835397 -0.106023535 -0.65924186
425 -0.4969401 -0.16970226 -1.2261622 0.1195693 -0.19667011
575 -0.5301855 -0.11338044 -1.223086 0.06153039 -0.1954779
727 -0.5119258 -0.059511587 -1.1566485 0.07683081 -0.23867041
1112 -0.40652594 -0.2857462 -0.17645442 0.53267914 -0.39692822
320 -0.5608503 -0.10447934 -1.037355 0.07239742 -0.20566797
924 -0.52069074 -0.14491108 -1.1387712 0.1359048 -0.18938509
223 -0.37164503 0.1682559 0.021131316 0.4367897 -0.66719466
241 -0.5386799 -0.08713785 -1.159155 0.06299022 -0.20830007
147 -0.5756655 -0.05996487 -0.16198468 -0.010024372 -0.47081405
269 -0.4770836 -0.13692415 -1.1666685 0.09592202 -0.24352916
228 -0.5017829 -0.12499247 -1.217084 0.12456643 -0.20270018
91 -0.5318606 -0.08746605 -1.1708416 0.038767394 -0.21952507
594 -0.47826397 -0.020937227 -0.19698589 0.104341395 -0.5351657
839 -0.5175639 -0.12685622 -1.1738362 0.03858405 -0.22484535
1156 -0.30697814 -0.34412643 -0.20817319 0.1622772 -0.6010082
746 -0.54629743 -0.13842288 -1.1294181 0.025926638 -0.20421718
207 -0.51964647 -0.13307406 -1.1721587 0.109174654 -0.19575524
722 -0.613238 -0.38450032 -0.13956682 0.12670171 -0.29481378
173 -0.33198193 -0.13195395 -0.06659883 0.5156425 -0.562705
842 -0.50514704 -0.09175041 -1.1647748 0.122823216 -0.22064723
872 -0.49076587 -0.14199106 -1.1708078 0.079115294 -0.23613797
592 -0.5371701 -0.0951211 -1.104917 0.08839561 -0.21278732
1079 -0.522298 0.15083934 0.0063306605 0.20152886 -0.5742311
61 -0.50695074 -0.1138255 -1.0981406 0.10116097 -0.23408209
521 -0.49868444 0.20560504 0.0040148725 0.3911733 -0.5511282
279 -0.31873137 0.18976088 0.039999258 0.5747203 -0.69430494
1043 -0.48612502 -0.07310738 -1.0531051 0.15210542 -0.26048213
804 -0.32052588 0.2018406 -0.079869345 0.6192166 -0.6427994
559 -0.5287227 0.050925 -0.1780258 0.015346323 -0.5408135
1033 -0.80309963 0.3473254 0.17503619 0.50706834 -0.2981669
208 -0.50563914 -0.15352413 -1.1429799 0.096348986 -0.21669458
272 -0.4615747 0.36895534 -0.22705445 -0.06237843 -0.726778
395 -0.49994418 -0.10482802 -1.1722451 0.14253734 -0.21285129
759 -0.4125403 0.04146923 -0.14057887 0.48819983 -0.5143367
259 -0.49684563 -0.06930647 -0.10826299 0.14687996 -0.5144012
1133 -0.50314605 -0.3072514 -0.03589037 0.32765138 -0.3975517
483 -0.43650606 -0.43773943 -0.38148504 0.25757256 -0.34962013
923 -0.52897084 -0.15306865 -1.1064268 0.04956049 -0.2151337
663 -0.4986758 -0.15986958 -0.9862699 0.08285028 -0.26203415
873 -0.4750054 -0.0623531 -1.185962 0.08615143 -0.26759437
442 -0.457434 -0.083989985 -1.1063547 0.12868316 -0.2811618
921 -0.4944306 -0.15816352 -1.1633396 0.11720725 -0.21449149
502 -0.52898204 -0.3596242 -0.124563284 0.28548214 -0.3401324
762 -0.5042379 0.1430894 -0.20706607 -0.24383827 -0.6802021
669 -0.51843333 -0.120472364 -1.1767796 0.09505084 -0.20527925
930 -0.31372052 0.15439948 -0.11651142 0.64217025 -0.6134094
98 -0.49604055 -0.14163212 -1.2083616 0.07629614 -0.22157599
783 -0.53109175 -0.13251418 -1.1206602 0.088447616 -0.20131513
540 -0.42799443 0.11573819 -0.04621579 0.59285086 -0.5172747
507 -0.37238482 0.24362877 0.007752896 0.53083 -0.65509695
117 -0.5392521 -0.12185552 -1.1475614 0.006265029 -0.21910313
1117 -0.5186862 0.06433062 -0.043888617 0.43813744 -0.45584264
841 -0.5255294 -0.082107395 -1.1769663 0.096150205 -0.20626664
211 -0.4555845 0.19327115 0.006794832 0.3517061 -0.60937685
843 -0.5089692 -0.1463819 -1.1310797 0.061628208 -0.22748637
573 -0.56350684 0.24086645 -0.1193476 -0.13390467 -0.6349092
1030 -0.54162025 0.08774281 -0.069441035 0.10548154 -0.5391594
261 -0.5318155 -0.11588097 -1.0892582 0.058497462 -0.22284976
968 -0.3072632 0.123669006 -0.26246387 -0.014885468 -0.7899006
793 -0.5684303 0.10694113 -0.11564273 0.39200696 -0.40903124
54 -0.60691094 -0.07399381 0.11031945 0.29764074 -0.41555327
1107 -0.47214007 -0.10682765 -1.1156865 0.11186652 -0.26501715
493 -0.43505618 -0.65099406 -0.059207797 0.2894893 -0.37562886
729 -0.6446618 0.17387739 0.06470094 0.16552673 -0.48150298
581 -0.32195148 0.15681544 -0.05438186 0.6116305 -0.63689244
535 -0.42353925 -0.6948869 -0.32046527 0.4241883 -0.25387332
254 -0.47104198 0.10604784 0.121684134 0.36723626 -0.5962065
1202 -0.5626762 -0.20781547 -0.49513516 -0.22990604 -0.41872305
216 -0.77773273 0.35405388 0.22026403 0.49949858 -0.34381148
936 -0.40451425 0.2146624 -0.010433235 0.5398617 -0.6045492
598 -0.4418082 0.2947356 -0.19973001 -0.13567007 -0.75874007
515 -0.38830328 0.34714174 -0.24191321 -0.074027814 -0.8006823
561 -0.81451243 0.37485534 0.10898979 0.43172765 -0.2966624
891 -0.4562582 0.17585768 -0.12606776 -0.0505943 -0.69880235
348 -0.5210347 -0.14902283 -1.1163743 0.04951318 -0.2221374
224 -0.5023881 0.02538721 -0.16719075 0.03595494 -0.5568996
240 -0.666107 -0.018268805 -0.13473251 -0.11111654 -0.43059468
1165 -0.38544965 -0.17433865 -0.15453877 -0.17766018 -0.7029816
283 -0.5388377 0.22214553 -0.14782597 -0.05879854 -0.6186597
291 -0.43258688 0.12754758 -0.11420998 0.30449545 -0.589336
1111 -0.45045212 -0.048071697 -0.2961707 0.06164274 -0.5419282
347 -0.3204935 -0.7077751 -0.24154612 0.44699174 -0.3757715
357 -0.6515231 -0.20223814 -0.32695493 -0.25771964 -0.3839244
1257 -0.3978376 -0.3403949 -0.27895495 0.4671554 -0.3784697
937 -0.3402089 0.23206319 -0.07162488 0.6097279 -0.6357793
607 -0.4888031 -0.026515016 -0.15373245 0.0042822096 -0.57116854
910 -0.8217598 0.5658551 0.19694954 0.4143354 -0.38613555
837 -0.35590193 -0.5594151 -0.223804 0.39797994 -0.40020025
1259 -0.3230045 -0.30891603 -0.5626856 0.26948294 -0.4527767
888 -0.41251877 0.38055742 -0.26768145 -0.10445862 -0.78744847
572 -0.40445387 -0.29958332 -0.16135909 0.48825407 -0.41267353
417 -0.41880876 0.2620333 -0.24589737 -0.071106814 -0.7355065
1059 -0.820167 -0.32298622 -0.23662263 0.062138204 -0.09067572
1189 -0.570111 -0.10842434 -0.82725626 -0.18443044 -0.33537358
1141 -0.53069514 -0.5108135 -0.1568477 0.19238898 -0.31579486
326 -0.62271464 -0.14498456 0.45105192 0.4456517 -0.44342887
401 -0.44293612 0.12583436 -0.010236143 0.4345822 -0.5678647
934 -0.44588938 0.03522034 -0.29023933 0.48704457 -0.43071607
1134 -0.66306686 -0.20955706 -0.4042734 -0.1972929 -0.3263553
788 -0.8243911 -0.27625477 0.07655288 -0.054618765 -0.23436041
1242 -0.40264514 0.14204097 -0.315136 -0.01446513 -0.6740524
1125 -0.77099156 -0.27719283 -0.25857037 0.07332615 -0.14367862
73 -0.44475397 0.17427266 -0.2356986 0.14199455 -0.60855985
1272 -0.3910623 -0.08913066 -1.1012207 -0.00331004 -0.3998761
633 -0.8060268 -0.2793706 0.07137452 -0.04956384 -0.24714315
880 -0.49633202 -0.67102087 0.099567756 0.37267363 -0.32733756
133 -0.46286485 0.19974601 -0.0056931092 -0.05000381 -0.7361339
204 -0.11457292 0.43565816 -0.27554235 0.13169833 -1.0517869
299 -0.41644233 0.26434243 -0.014774011 -0.021951284 -0.79599327
959 -0.3714036 0.2928708 0.09380475 0.1028718 -0.8459631
289 -0.37420362 -0.73660576 -0.13862087 0.41065156 -0.35381678
1183 -0.78358567 0.472222 0.15686071 0.6595883 -0.3076683
1049 -0.5627417 -0.444367 -0.48445022 0.35751158 -0.15273938
226 -0.33774897 -0.7551407 -0.14324799 0.4534425 -0.3730211
597 -0.5891702 -0.044540882 0.0074491794 0.38509598 -0.38118586
756 -0.5361663 0.11663331 0.1448395 0.3085146 -0.55708104
574 -0.53398883 -0.70295763 0.123979144 0.330135 -0.30067483
200 -0.7786839 0.61485654 0.26890576 0.44287744 -0.46287954
1121 -0.4621641 -0.1640971 -0.45277482 -0.13854665 -0.5198672
770 -0.5108412 -0.51645106 -0.36148882 0.34551972 -0.22549814
128 -0.5018157 -0.07807898 0.011957742 0.51886636 -0.42247894
1157 -0.38898775 0.17411797 -0.030854404 0.089917615 -0.7507823
969 -0.4647443 -0.17824745 -1.0771726 0.14351375 -0.24977088
815 -0.816311 -0.43583053 -0.19512913 0.038649764 -0.082474425
360 -0.4212539 0.1795357 -0.007336948 0.43869382 -0.6081271
596 -0.4955536 -0.2129979 0.01194321 0.45434535 -0.4071742
188 -0.09225184 0.451935 -0.26315737 0.15013471 -1.0789704
803 -0.798658 0.4143333 0.14455482 0.4229031 -0.34125742
213 -0.47453284 0.053335547 0.0055959267 0.37348515 -0.5353819
786 -0.7727418 0.62644535 0.2809902 0.5561456 -0.44096702
544 -0.314588 -0.7296624 -0.1480533 0.44414052 -0.405588
1108 -0.07873224 0.30839118 -0.31108606 -0.13593245 -1.1402801
448 -0.42361644 0.09204465 -0.30973914 0.07680823 -0.60515505
1104 -0.75771195 0.22369824 0.15006049 0.12082198 -0.421672
378 -0.36007753 0.2073493 0.06099502 -0.02513215 -0.86665666
673 -0.5389396 0.10704977 0.12754786 0.24779077 -0.56504154
851 -0.8068633 0.41448396 0.2178189 0.5160674 -0.3280184
198 -0.78961915 0.406284 0.14554895 0.51057976 -0.31924227
724 -0.42109406 -0.56742483 0.25843567 0.35864377 -0.49468952
1034 -0.33856377 -0.58197075 -0.6962939 0.5590746 -0.22620882
278 -0.48972118 -0.45758665 -0.6786096 0.5379559 -0.11548305
602 -0.6267467 0.30127516 0.13465911 0.5553582 -0.43828133
836 -0.3397068 -0.6944185 -0.19616207 0.46008837 -0.36716333
38 -0.6885738 -0.30348012 -0.11539802 0.12820698 -0.24618636
139 -0.44713283 -0.09004272 -0.20570087 -0.013701333 -0.58749115
339 -0.5190445 0.20510232 -0.24872132 0.5526064 -0.39823565
1042 -0.34695405 -0.09782951 -0.5843372 0.07127544 -0.5508032
393 -0.34576645 -0.32907966 -0.12347712 0.4180927 -0.5026519
439 -0.8179806 0.2920201 0.3115479 0.44406858 -0.32990542
64 -0.3400768 -0.70000464 -0.13345495 0.43725973 -0.39267892
519 -0.5273505 -0.38882172 -0.31723845 0.37934372 -0.24574488
1004 -0.39692914 -0.6102816 0.19538988 0.46447513 -0.45294005
174 -0.38929683 -0.6689684 0.14080203 0.3973023 -0.4489428
189 -0.27557912 -0.21468681 -0.050980456 0.54462653 -0.59364563
25 -0.46761182 -0.5011827 -0.4543867 0.028848544 -0.35619962
63 -0.78085583 0.6234535 0.22544947 0.50433457 -0.42972517
1006 -0.53289574 -0.16445959 -0.35045043 -0.11654776 -0.46390468
458 -0.6381494 -0.2843046 -0.104882665 0.21551318 -0.27817073
1063 -0.526629 -0.26685503 0.0585617 0.3930264 -0.39314154
558 -0.77669877 0.28913018 0.2510447 0.5109207 -0.3308011
917 -0.54835236 -0.188747 -1.1030563 0.053760845 -0.183574
1055 -0.66606283 -0.38231203 -0.27868548 0.116708145 -0.20263664
564 -0.57762504 -0.2994834 -0.081595294 0.13949564 -0.36904404
167 -0.6452201 0.14764091 0.38088134 0.5728999 -0.44607136
579 -0.46589822 -0.32300016 -0.12130529 0.44262806 -0.36854082
644 -0.34736165 -0.7056106 -0.17119548 0.42658794 -0.3752554
501 -0.42811713 0.19058825 -0.09202065 -0.06627188 -0.75116295
763 -0.7525505 0.09289108 0.23179285 0.33181956 -0.34323266
51 -0.67797065 -0.30528983 -0.298779 0.16438101 -0.1892912
323 -0.43716276 -0.09140202 -0.18276627 0.077510804 -0.57190394
541 -0.32563078 -0.6510156 -0.3526907 0.70229423 -0.2702581
941 -0.27295756 -0.12664323 -0.58061385 -0.12093353 -0.69264394
43 -0.60794854 -0.4708014 -0.25180498 0.21953268 -0.21130565
740 -0.47364333 -0.4401559 -0.6039452 0.47918552 -0.1751948
1050 -0.48727813 -0.5231891 -0.3511984 0.48336017 -0.20660083
916 -0.80399776 0.5784672 0.25943798 0.5127639 -0.40014696
287 -0.3021647 -0.57706314 0.33474556 0.375495 -0.64070195
992 -0.82206297 0.5638193 0.11092903 0.40331927 -0.3584903
582 -0.31199762 0.27677315 -0.01422962 0.009650246 -0.90406203
911 -0.8047512 0.66101056 0.26443347 0.5660745 -0.4115218
901 -0.77514035 0.5847741 0.2716408 0.5592722 -0.4204751
34 -0.30778703 0.102019094 -0.049432497 -0.1676043 -0.90626967
529 -0.12226458 0.2821298 -0.2812169 -0.1875981 -1.1115975
912 -0.8160577 0.5995247 0.14296985 0.39333066 -0.39369184
744 -0.03732935 0.46777955 -0.37835464 -0.06708335 -1.1958554
400 -0.5835852 -0.4102102 -0.16737248 -0.011008666 -0.3561166
236 -0.40533295 0.30403402 0.05911231 0.49558362 -0.668815
239 -0.7683402 0.35316274 0.2214443 0.32562366 -0.40776557
390 -0.016421307 0.10673359 -0.34092766 -0.12905575 -1.1368098
678 -0.36016735 -0.31930432 -0.06614435 0.41148242 -0.509736
628 -0.3488123 -0.72466874 -0.13236272 0.42104223 -0.38242418
215 -0.40283227 -0.039896328 -0.25203454 0.006020908 -0.62974554
436 -0.58461 -0.34882104 -0.54575336 0.48975185 -0.09900011
276 -0.52330434 0.31906816 0.23120019 0.17105693 -0.71348226
699 -0.80056196 0.47664204 0.24935815 0.37378088 -0.4101635
41 -0.63537127 0.043581724 0.02630209 0.14910825 -0.4422232
53 -0.55661535 0.075086914 0.13831817 0.22044905 -0.54997414
125 -0.21311615 -0.4639242 -0.37800807 0.10033315 -0.64012814
886 -0.72637373 0.45706335 0.20164925 0.6829967 -0.3686486
988 -0.7227707 0.23732449 0.21383792 0.3104441 -0.41958416
513 -0.7769353 0.6150762 0.25962538 0.5812173 -0.41923684
66 -0.5526522 -0.578305 0.069230326 0.2848817 -0.3135559
570 -0.54463035 -0.026972527 0.045975264 0.29546613 -0.47551447
627 -0.45055503 -0.07334278 0.042852487 0.40131468 -0.52450126
651 -0.4373117 -0.4409974 -0.27788094 0.1381634 -0.41851157
488 -0.7578746 0.41605762 0.23510382 0.31926188 -0.44642752
467 -0.29888946 -0.71281546 -0.14568272 0.48875782 -0.41318005
407 -0.7902027 0.63031 0.22091237 0.5482245 -0.4087625
567 -0.32260764 0.24127 -0.2676769 -0.16140756 -0.8631275
1143 -0.71782887 -0.13650852 -0.05612366 0.0021994594 -0.3263081
576 -0.39001012 0.29030147 -0.15150401 -0.19020528 -0.85109615
1027 -0.51500136 0.18243322 -0.21612896 0.6476624 -0.37529653
195 -0.7644855 -0.2781746 -0.25405994 -0.24362116 -0.26032227
1243 -0.39410022 -0.01587621 -0.09905344 0.34309685 -0.5771236
322 -0.29381046 -0.5435247 0.15734038 -0.12171537 -0.77452767
149 -0.28508654 0.27538916 -0.03341106 0.02675694 -0.92279583
898 -0.73811764 0.71067214 0.13912913 0.6389989 -0.4343865
820 -0.5777466 -0.46193582 -0.60411364 0.10121635 -0.18493989
367 -0.6114545 0.20174961 0.27690405 0.5482641 -0.47222856
849 -0.7598657 0.46260694 0.15230592 0.7025135 -0.31396142
449 -0.8123598 0.064380765 0.28921014 0.339835 -0.28730905
926 -0.28649908 -0.104057804 -0.70276445 0.110769965 -0.56959146
92 -0.72526985 0.1575697 0.29147738 0.3548627 -0.40520725
1194 -0.68517905 -0.33663118 -0.74812555 0.34282506 0.007606937
997 -0.6635688 -0.027964411 0.3709232 0.602027 -0.36067313
743 -0.3473859 0.1935689 -0.009782549 0.073886625 -0.81589425
479 -0.4760137 -0.27081403 0.04218536 0.4083261 -0.43562573
807 -0.7129907 0.31239766 0.36941648 0.35463417 -0.49320507
143 -0.7521072 -0.2502943 -0.21169294 0.10149473 -0.176504
617 -0.43121526 -0.19206956 0.025062565 0.2392732 -0.557412
433 -0.6806258 0.37082088 0.32729644 0.41253316 -0.51384324
129 -0.42592996 0.12821218 0.010601279 -0.09823718 -0.77681726
1206 -0.003909935 0.14758877 -0.26677424 -0.07113355 -1.1632365
1265 -0.34043923 0.078550935 -0.37610307 0.6981699 -0.46269146
866 -0.04113649 0.31634575 -0.21538578 -0.13057123 -1.2143222
606 -0.26028475 -0.43816772 -0.39396244 0.022386834 -0.6186967
552 -0.7897508 0.5807322 0.25435033 0.49132967 -0.4207462
476 -0.13380787 0.13976213 -0.25527987 -0.1758019 -1.0537943
1041 -0.52446645 -0.35236678 -0.38482022 0.4092613 -0.23070289
111 -0.6913481 -0.50894433 -0.4675813 0.21450812 -0.054116968
498 -0.7849173 0.4118106 0.20791462 0.28391603 -0.4202402
403 -0.8095564 0.53191936 0.23879296 0.3697098 -0.4166137
487 -0.75148463 0.71462876 0.17449072 0.6971927 -0.41396996
610 -0.7959901 0.0049291668 0.26336846 0.109098494 -0.3536495
30 -0.65820384 0.62339467 0.35222495 0.6292041 -0.564577
608 -0.8333843 -0.059339188 0.20755501 0.34574822 -0.20141785
1052 -0.57761127 -0.39156893 -0.21322212 0.25928268 -0.2628401
460 -0.6397397 -0.2827508 -0.08349885 0.17718692 -0.29555216
327 -0.34747523 -0.6316881 -0.57231337 0.5567393 -0.23636632
397 -0.749985 0.09340921 0.2911673 0.23149103 -0.39896396
257 -0.72740126 -0.14152217 -0.20106694 0.01246138 -0.26567882
697 -0.53206444 -0.49829423 -0.37279752 0.14021355 -0.27437088
1236 -0.7702155 0.7117558 0.15244064 0.6056988 -0.41576168
172 -0.21981826 0.45301467 0.04417232 0.40193507 -0.9489328
897 -0.84317994 0.54536736 0.31422985 0.41104105 -0.3995979
720 -0.57320863 -0.34895986 -0.33148378 0.23985225 -0.25083065
687 -0.046268422 0.103668705 -0.28549284 -0.1096099 -1.1091076
892 -0.7095227 0.4470457 0.24216883 0.7535165 -0.37493262
556 -0.6762581 0.14327297 0.23584378 0.36791244 -0.42835847
104 -0.4455168 0.06521294 0.20810977 0.05446563 -0.74651736
385 -0.7254869 0.36173338 0.31326172 0.50739205 -0.43044135
424 -0.16544074 0.11656834 -0.23023614 -0.23563826 -1.0410757
809 -0.37647292 -0.30003726 -0.0874667 0.4067782 -0.49394193
655 -0.670511 -0.21941055 -0.18854173 -0.019230943 -0.3161786
506 -0.77336985 0.40799496 0.30573025 0.35345125 -0.44228524
71 -0.5770992 -0.52663404 -0.09214418 0.3213443 -0.24023099
344 -0.57516426 -0.40812677 -0.72316414 0.12519903 -0.1637519
469 -0.27647823 0.01398657 -0.56078035 0.84030515 -0.4136254
1149 -0.38277116 -0.4716037 -0.485899 0.7122351 -0.221404
1130 -0.6237005 -0.45346 -0.41388226 0.1705359 -0.16860282
1135 -0.5322389 0.045903098 -0.8122848 -0.13052148 -0.40687987
48 -0.694412 -0.34769878 -0.0073769614 0.100054115 -0.26975772
234 -0.7504488 -0.3047036 -0.18755095 0.022796638 -0.19546008
1069 -0.36027625 0.22345294 -0.187776 -0.20363201 -0.8567068
312 -0.6575615 0.046216335 0.32939926 0.55608124 -0.38985
510 -0.8184179 0.057156295 0.2545146 0.35426003 -0.26410043
1068 -0.76578367 -0.15212855 0.34227875 0.6994971 -0.17489867
719 -0.43783483 -0.26750875 -0.31859878 -0.39772916 -0.6515986
675 -0.8137455 0.49918234 0.21199238 0.46483594 -0.3609414
1019 -0.77247417 0.23030144 0.1590129 0.17815442 -0.38957822
889 -0.7104304 0.46626195 0.16408189 0.4546153 -0.4459624
1263 -0.2064832 0.37101397 0.18902501 0.5374729 -0.93883324
1000 -0.69395155 0.17538649 0.26024306 0.5587867 -0.36752716
252 -0.6000674 0.060527712 0.17885871 -0.017841315 -0.5937414
1077 -0.44103837 -0.6024348 -0.5661696 0.4312126 -0.1897753
547 0.029981578 -0.53650147 -0.37851518 -0.026269384 -0.9419658
371 -0.8573722 -0.038607232 0.25247917 0.2242536 -0.23666821
1171 -0.14890201 0.36024332 0.022178764 0.2968168 -1.0265988
303 -0.805557 0.029221721 0.23768078 0.51890564 -0.21257332
748 -0.76607025 -0.14884831 0.30020007 0.2150552 -0.31508198
1237 -0.6495467 0.21942969 0.2994967 0.66116655 -0.4098717
990 -0.29547995 -0.5470087 -0.1533045 0.3748665 -0.4974955
1145 -0.84185046 -0.36631563 -0.13761453 0.0069524636 -0.104426354
26 -0.2891585 0.11124164 -0.19598071 -0.32773578 -0.9449083
123 -0.44002387 -0.17197336 -0.28309053 -0.54891443 -0.7458495
797 -0.73880005 0.20555016 0.11886145 0.7539971 -0.22686006
165 -0.7850334 0.3004644 0.27939883 0.29070622 -0.40618682
566 -0.47031695 -0.2486753 -0.09645321 0.2323524 -0.46219677
676 -0.39336246 -0.19315237 -0.050125033 0.31295082 -0.5498779
398 -0.7136092 0.18317574 0.32730752 0.3496094 -0.43797407
355 -0.7038171 -0.18610454 -0.5978715 -0.016484836 -0.17380361
520 -0.7088581 0.39464337 0.2670355 0.6897019 -0.38472348
267 -0.5906702 -0.3427166 -0.18513806 0.14547676 -0.30877706
568 -0.78646994 -0.27015546 -0.49330837 0.13590816 -0.042670447
976 -0.14724904 -0.07355705 -0.092217684 0.07754927 -0.92784446
1060 -0.46013713 -0.38520634 -0.20050782 0.64375645 -0.26766515
171 -0.7382951 0.25359392 0.33530396 0.34025764 -0.44156697
140 -0.4995751 0.23194292 0.19715774 0.030319827 -0.74702245
1010 -0.39078888 -0.199596 -0.5821758 0.06342796 -0.47879565
184 -0.672422 0.21709754 0.26232815 0.63844866 -0.380284
757 -0.6127897 0.17187984 0.33877325 0.55104953 -0.48174268
681 -0.26519284 0.18968396 0.03752418 0.07858215 -0.92199814
177 -0.6817476 0.24368037 0.22265103 0.60715073 -0.37563744
321 -0.72562075 -0.06146906 0.366529 0.6081901 -0.28397244
126 -0.7264376 0.44181708 0.21273848 0.5988489 -0.3919354
243 -0.7133422 0.2980978 0.3275681 0.31452775 -0.4880432
1057 -0.7102063 -0.3726673 -0.17648555 -0.069741055 -0.25157258
106 -0.44064277 -0.030786127 0.05434098 -0.11241418 -0.7302156
250 -0.38046783 0.06504601 0.19788736 -0.152903 -0.890505
251 -0.6209329 -0.1741071 0.029846083 -0.117907725 -0.48449352
878 -0.6323057 0.11196145 0.22916907 0.54082954 -0.40751547
1200 -0.47211856 0.28361484 -0.5419254 0.029698554 -0.5591969
671 -0.2422852 -0.038895734 -0.5847392 0.83651924 -0.42712814
795 -0.30100748 0.30637243 0.11882879 0.19486056 -0.90486187
141 -0.7072377 0.2648335 0.31712088 0.35697624 -0.4660246
420 -0.7156533 0.2655821 0.21137215 0.39938897 -0.40791264
253 -0.75460446 0.5221374 0.1475421 0.6736864 -0.3446982
1262 -0.20251882 -0.099110864 -0.65216476 0.078154996 -0.68893236
623 -0.65534765 -0.53400135 -0.27524337 0.023196813 -0.20111862
884 -0.8078388 0.15308198 0.17783001 0.13124074 -0.3519982
1084 -0.25848654 0.17640835 -0.14248893 -0.06717458 -0.9200792
115 -0.64730024 0.19214974 0.32577837 0.65497553 -0.41473615
1278 -0.68262684 0.3279253 0.16839333 0.45089063 -0.43283078
790 -0.3984753 0.21963832 -0.005725072 -0.15950578 -0.8550886
589 -0.18374766 -0.014745197 -0.20981202 -0.24096705 -0.9859303
711 -0.58298707 -0.21310675 0.4154371 0.6594717 -0.38306162
1023 -0.5396417 -0.060777348 -0.44089702 -0.21874462 -0.49846974
1001 -0.10440083 -0.6434883 0.22069474 0.036950678 -0.9219338
1247 -0.095528886 0.15072401 -0.055971082 -0.16205 -1.1595969
1083 -0.8715981 -0.08701226 0.20432743 0.62276524 -0.06891185
431 -0.022892421 0.12249019 -0.21708669 -0.10333739 -1.1631564
411 0.041933596 -0.5655031 -0.4165451 0.04758913 -0.9068887
1044 -0.80042666 -0.26422906 0.23506053 0.6258371 -0.09465912
551 -0.036586415 0.25795013 -0.3193473 -0.15417778 -1.1751721
159 -0.8088762 0.29466793 0.24652128 0.2097999 -0.392063
932 -0.71204776 0.6159351 0.18798675 0.62454545 -0.4507176
1070 -0.31338552 -0.07932541 -0.17161432 -0.26720634 -0.8412802
662 -0.32925868 0.1748108 0.07245654 -0.14682725 -0.9381728
1284 -0.54205793 -0.57517356 -0.14440162 0.18474893 -0.29385176
210 -0.6585913 -0.32046038 -0.27481258 0.03846021 -0.25302008
867 -0.17572545 -0.22396663 0.08834943 0.29550081 -0.83014846
1150 -0.64468014 0.3513676 0.2110918 0.28608674 -0.54589534
1176 -0.27205122 -0.009299487 -0.5778817 0.8079846 -0.41691923
584 -0.16304357 -0.06056629 -0.27870333 -0.23689449 -0.97254324
709 -0.8323646 -0.014717464 0.34619766 0.37663448 -0.25012034
14 -0.49064347 -0.34358048 -0.2096599 0.3842205 -0.32729846
408 -0.69409394 -0.53640455 0.5673889 0.55575705 -0.25549302
577 -0.27104086 -0.72491866 0.44692788 0.16209474 -0.7462693
538 -0.8458071 -0.49928188 0.36482176 0.28667712 -0.12591639
1197 -0.6746654 -0.52959865 -0.33614412 0.1505866 -0.12408306
127 -0.39900416 0.20706086 0.045785654 0.10812635 -0.76979285
713 -0.35183585 -0.7648781 -0.35947967 0.52739614 -0.26462415
132 -0.701674 0.13025026 0.42271906 0.27653453 -0.49006298
812 -0.012539578 0.26979434 -0.24962944 -0.1887943 -1.2445489
451 -0.16673528 0.3543851 0.01715002 0.22172508 -1.0278144
181 -0.61658263 0.19421366 0.33876294 0.41408116 -0.5272216
307 -0.40563852 -0.24468495 -0.20504563 -0.3061587 -0.6919564
32 -0.19544272 0.32644677 0.13200374 0.399953 -0.9623138
1198 -0.66726756 -0.46183553 -0.50571924 0.11713554 -0.113845974
158 -0.76879734 -0.08163734 0.29678988 0.62494975 -0.20226108
777 -0.55694395 -0.053775035 -0.19300608 -0.50897926 -0.6649019
1169 0.03211075 0.16751733 -0.2448586 -0.15475807 -1.2539172
1246 -0.6827041 0.37736017 0.15577178 0.3039753 -0.4896772
1159 0.004043086 0.15423115 -0.3317364 -0.16633846 -1.1922129
616 -0.34234276 0.37521303 -0.45546645 -0.23036593 -0.8524442
352 -0.13201798 -0.7488441 0.5653603 0.3384206 -0.87379014
497 -0.70607495 0.23685257 0.152625 0.3174577 -0.41523907
604 -0.1621714 0.22359306 -0.16283242 -0.30536726 -1.1290916
906 -0.10814341 -0.43436474 0.4758707 0.4145287 -0.93313026
419 -0.22369689 -0.50283825 -0.011329247 0.28386727 -0.6656588
991 -0.76822174 0.07707461 0.25766364 0.5631228 -0.25795767
313 -0.7487411 0.29652745 0.22472198 0.61050993 -0.3224886
452 -0.87300825 -0.13592634 0.31460357 0.24978466 -0.20255175
625 -0.20635614 0.19060537 -0.058418218 -0.037474934 -0.9986562
463 -0.6466872 0.30628547 0.32473826 0.28043976 -0.5709791
474 -0.2726738 -0.35223255 -0.025561845 0.44568953 -0.59669656
427 -0.8017804 0.1467853 0.19856921 0.33127624 -0.29954758
904 -0.7132841 0.6243978 0.25167456 0.6115211 -0.47890344
482 -0.18493581 -0.21816729 -0.2829352 0.087156005 -0.7767453
1035 -0.69986624 0.26288274 0.38050136 0.43864596 -0.4687178
789 -0.6729439 -0.2571324 -0.5481657 0.0055894097 -0.19077736
90 -0.15634246 -0.67672414 0.4517177 0.26157767 -0.852932
342 -0.712322 0.39271548 0.21488763 0.58639634 -0.39489454
828 -0.2754471 0.22906229 0.11620784 -0.10358382 -1.0158881
484 -0.6613634 -0.43203968 0.41606495 0.68709457 -0.23041177
1008 -0.780573 -0.4622424 0.3003713 0.478825 -0.122117214
412 -0.68434244 0.059486296 0.43151894 0.18491378 -0.5199406
754 -0.3220279 0.07015408 -0.008435409 -0.11001605 -0.8732493
553 -0.50613564 -0.0047168536 -0.058173362 -0.10584525 -0.6272236
349 -0.75048894 0.17497383 0.043202166 0.054163992 -0.40100697
563 -0.7175621 -0.36093253 -0.34409496 0.22107455 -0.10095336
1167 -0.15437125 0.21070267 0.05647723 -0.07636041 -1.1161067
522 -0.8163307 -0.43518186 -0.25328028 0.1133352 -0.040428866
1097 -0.09327752 0.18329053 -0.3082555 -0.24853924 -1.1273999
684 -0.6562998 0.2677133 0.2267043 0.43231314 -0.4647373
935 -0.22649078 -0.05968594 -0.48692417 0.88726455 -0.45013005
583 -0.6014328 -0.35433438 0.5424013 0.6151574 -0.37749195
895 -0.4627058 -0.024044331 -0.35157514 0.72118634 -0.30321494
822 -0.71169204 0.45814455 0.28599456 0.66393286 -0.41786343
801 -0.40351334 0.23866646 0.17785606 0.17951772 -0.79599524
203 -0.55247074 0.58684117 0.2690358 0.7396149 -0.59862626
710 -0.8288544 -0.4331867 0.39425007 0.17054981 -0.212049
152 -0.9484542 0.35444072 -0.03057955 0.5619083 -0.06928712
1056 -0.17414922 0.2013738 -0.047737453 0.30756703 -0.9163439
137 -0.7314701 0.027784884 0.2643084 0.11668433 -0.42564005
958 -0.66685665 0.22672282 0.1989737 0.3331309 -0.46276554
792 -0.5485675 -0.3019836 0.17371859 0.13366576 -0.4834363
524 -0.87063754 -0.4483254 -0.3267098 0.012745927 0.0055049085
648 -0.43375975 -0.36056554 -0.3514866 0.61092657 -0.2675477
332 -1.0267872 -0.15213917 -0.027420007 -0.09071217 -0.04441675
742 -0.5663463 0.16536558 0.14183913 0.077051185 -0.6182262
1002 -0.4138735 -0.38003454 -0.4790332 0.67485654 -0.22801329
372 -0.4805987 -0.20830423 -0.19958071 -0.057639338 -0.5307243
453 -0.4471279 0.18836257 0.13390982 0.17454481 -0.7183777
292 -0.89645314 -0.66783696 0.25447607 0.5900053 0.098273255
1024 -0.24884924 -0.40241447 -0.52718246 0.56022847 -0.41879466
823 -1.0346869 -0.1918261 0.15404673 0.15749474 -0.0011212269
49 -0.23216993 0.20708784 -0.15294637 -0.38911593 -1.078576
925 -0.26529306 -0.060010992 -0.5460052 0.78688705 -0.42316276
19 -0.37373146 -0.41029558 -0.18366514 0.3007671 -0.4681114
683 -0.19881418 0.04413255 -0.0011696761 0.22597694 -0.88089174
738 -0.7375456 0.25797406 0.3123103 0.32333663 -0.44119677
62 -0.15472594 0.13568012 0.20824742 0.26605284 -1.0185579
650 -0.45437056 0.26153257 0.12618873 0.08378411 -0.7623941
1281 -0.7653917 -0.11525306 0.2369728 0.6188164 -0.17885198
818 -0.9603246 -0.19144486 0.29170486 0.015902048 -0.16520794
37 -1.0441811 -0.19016786 -0.027696142 -0.122126386 -0.026574517
536 -0.2148681 0.22028716 0.035112016 -0.105668835 -1.0550694
246 -0.288076 0.22585289 0.088831164 -0.04244452 -0.9677727
72 -0.026619608 0.23676507 -0.25787216 -0.2721565 -1.2478882
248 -0.651392 0.23142669 0.1763817 0.12609386 -0.5420721
532 -0.7480783 -0.42037368 0.027503224 -0.61594456 -0.45861605
715 -0.13734566 -0.26387584 0.027844526 0.324851 -0.83117574
798 -0.09671831 0.040825967 -0.18689296 -0.045392677 -1.0365243
275 -0.74128056 -0.26799652 0.018334057 0.03728015 -0.27214655
101 -0.7393572 -0.26969308 0.44437575 0.22685172 -0.3504205
508 -0.5153619 -0.010718288 -0.3887739 0.64749026 -0.26343846
450 -0.6214215 0.2649497 0.17166808 0.13610396 -0.58143735
46 -0.6168558 -0.24664062 0.4248956 0.45076966 -0.4083471
201 -0.7909641 0.060812373 0.2423777 0.61206186 -0.2120867
1110 -0.77174175 -0.05966397 0.25173485 0.643195 -0.18693118
887 -0.49376836 -0.39113963 -0.3404402 0.48898613 -0.23829958
1028 -0.71705574 -0.40329304 0.41429356 0.3840251 -0.2724889
844 -0.3895522 -0.3002559 -0.1103926 0.31831816 -0.50009763
1260 -0.6323906 -0.2973533 -0.33417186 0.4083171 -0.14908901
1184 0.024705358 0.08993375 -0.29389387 -0.06444031 -1.1699193
890 -0.19801575 0.44389695 -0.008538811 0.2751862 -0.9970408
23 -0.551715 0.1328054 0.14868985 0.10828012 -0.61465037
336 -0.68640727 -0.48472753 0.49430573 0.50872916 -0.2706887
170 -0.6705792 -0.30141103 -0.68756616 0.4012902 -0.014087362
641 -0.2648277 -0.49419847 0.3017644 0.09716252 -0.7907461
636 -0.25129706 0.21691264 -0.016525455 -0.15706563 -1.0161763
983 -0.7073821 0.26780793 0.3049174 0.5623254 -0.39783108
706 -1.0730284 -0.114599995 0.030014627 -0.09185321 -0.027575834
492 0.004473771 0.22729182 -0.3206511 -0.17604409 -1.2221624
856 -0.025620013 -0.42629093 0.45140624 0.2884574 -1.0673251
1241 -0.651327 -0.48017332 0.44992265 0.6630357 -0.2438475
875 -0.69099224 -0.30079317 -0.80785626 0.24676435 -0.012325078
205 -0.69966656 -0.38003403 -0.4838689 0.00384828 -0.14715151
317 -0.7545193 0.119871184 0.18550996 0.5450298 -0.2680188
341 -0.10437535 -0.7865204 0.44742274 0.376745 -0.8384557
670 -0.3669036 -0.2331888 0.2620231 -0.06745549 -0.8029147
52 -0.13525663 -0.75965697 -0.07275692 0.29644066 -0.66623765
96 -0.7960421 -0.22295628 0.3127677 0.5959845 -0.14586717
736 -0.86408544 0.3355915 -0.011296559 0.46185765 -0.18653482
413 -0.5864013 0.072956726 0.4026318 0.5604804 -0.49487278
494 -0.6964295 -0.07073491 0.345059 0.48144984 -0.33970985
752 -0.21855444 0.22555402 -0.38784337 -0.0760611 -0.90564615
1264 -0.2236914 0.3260211 0.09734493 0.056551203 -1.0422976
22 -0.56510425 -0.3981385 -0.32659838 -0.548462 -0.5306119
749 -1.0780364 -0.16901074 0.047431495 -0.12861054 -0.023215886
324 -0.19050398 0.2387373 0.037357613 -0.108065754 -1.0912545
142 -0.6109756 -0.2673663 -0.50843257 0.40250102 -0.13173099
649 -1.0148306 -0.16477862 -0.016858526 -0.22933958 -0.103476934
446 -0.41886976 0.21687502 -0.23104827 -0.23345111 -0.7854729
166 -1.1722444 -0.15974496 -0.56488764 -0.101333834 0.24788903
209 -0.72339845 0.42661354 0.25587767 0.65022343 -0.38662145
1053 -0.21643257 0.21631902 -0.27009282 -0.1415878 -0.9652459
877 -0.97800756 0.14772438 0.0300356 0.38803768 -0.04766742
903 -0.14146084 0.370943 0.07476322 0.46613836 -0.9966358
145 -0.21967663 -0.20426139 -0.6165715 0.77046794 -0.4143009
533 -0.016630499 -0.67717886 0.51694214 0.30725703 -1.0197976
781 -0.07469964 -0.40810397 0.13383102 -0.12339084 -1.0566074
765 -0.792289 0.1495302 0.38734406 0.32162797 -0.3746555
1039 -0.97946864 -0.096148185 0.25697705 0.038769655 -0.15492971
335 -0.7425845 0.35252896 0.41071942 0.3513516 -0.49134633
905 -0.17606421 -0.020261534 0.37922525 0.37089217 -0.96799624
374 -0.7535355 -0.2980298 -0.39639145 0.008064172 -0.13705929
270 -0.16359717 0.2495649 -0.4763034 -0.013134266 -0.9270325
277 -0.82891005 -0.28054023 -0.29511082 -0.08235334 -0.12631227
978 -0.18879826 0.015837684 0.007519396 -0.0898406 -1.0018569
999 -0.34482458 -0.2648782 -0.48425284 0.4258998 -0.41172057
1258 -0.67646927 0.031148594 0.2859088 0.2785513 -0.43751332
1249 -0.3867342 -0.67273265 0.04473185 0.41138887 -0.41345692
437 -0.4135917 -0.19063684 -0.14591956 -0.49934497 -0.7914364
242 -0.720573 -0.5189798 0.44567627 0.40021423 -0.2410018
489 -0.15795413 -0.002121912 -0.08269426 -0.27829018 -1.0725374
987 -0.11341491 -0.72440803 0.38083228 0.26412255 -0.86266893
1018 -1.0066167 0.33484414 0.009363236 0.4738557 -0.044231128
640 -0.39589325 -0.4984468 -0.1081935 -0.091035835 -0.5789653
392 -1.0861009 -0.17081015 0.2116304 0.023913521 -0.013090946
1080 -0.5967507 0.0014287309 0.3075023 0.3882886 -0.48434752
154 -0.9339916 0.6662639 -0.063269205 0.4176387 -0.22041574
774 -0.3336001 -0.26609743 -0.018197268 0.33598614 -0.5946775
1191 -0.09709937 -0.44682336 -0.2897907 -0.33256033 -0.96328646
1158 -0.6325388 -0.41416746 0.4886393 0.6944143 -0.28633645
971 -0.6890811 -0.3625799 -0.15404382 0.03678552 -0.24604738
376 -0.12273891 0.21884748 0.07283071 0.15447745 -1.0771247
1266 -0.405896 -0.6018861 -0.2633543 0.44542444 -0.30795485
531 -0.7848415 -0.24668196 0.18152039 0.23675677 -0.22180499
29 -0.18045281 -0.01100528 0.29907715 0.32886365 -0.9530732
769 -0.06660854 -0.77380794 0.5390567 0.36207804 -0.9221164
1073 -0.706586 -0.3378789 0.44171822 0.5582735 -0.25759307
776 -0.052670397 -0.7746826 0.49032316 0.3151188 -0.9392034
356 -1.0149293 0.24311122 -0.08404484 0.5717346 0.050584793
386 -0.10098355 -0.58517194 0.29331404 0.20117693 -0.9088362
373 -0.51968575 -0.32334232 -0.3529148 -0.49785477 -0.5731067
423 -0.58184475 -0.36977294 -0.5331731 0.29689535 -0.16093741
59 -0.55959636 -0.39687687 -0.34404662 -0.57232344 -0.54006827
919 -0.082289174 0.18101417 0.10308816 -0.007966624 -1.180693
55 -0.120058484 -0.5689845 0.44429025 0.2888737 -0.9121603
262 -0.1684964 0.15077426 0.070112824 0.15657306 -1.0002482
362 -1.1512752 -0.011343457 -0.26646724 0.007923086 0.14047657
1213 -0.21448264 0.51083297 0.005480583 0.5074683 -0.9262857
1032 -0.9420229 0.28075144 -0.14192997 0.72589976 0.029581634
260 -0.57056403 -0.35716447 0.4721641 0.5832863 -0.3963199
180 -0.92991745 -0.35285273 0.09736826 0.1479274 -0.043260306
329 -0.635832 0.12638281 0.3237046 0.5147376 -0.44673908
196 -0.7043936 -0.2747761 -0.55867153 -0.10360753 -0.18781511
432 -1.0731287 -0.049145553 0.17185222 -0.090986036 -0.09073247
304 -0.9158834 0.811833 -0.13237756 0.6134381 -0.2035541
426 -0.6224148 0.20219864 0.29431185 0.44614947 -0.50017685
696 -0.9558166 -0.1719967 0.12480195 0.07584823 -0.10238629
622 -0.13333955 0.17189421 0.09951651 -0.0076929554 -1.119221
931 -0.014415771 -0.40052783 0.1688796 0.10744212 -1.0518774
1127 -1.2834787 -0.18678571 0.0030495299 -0.027245117 0.22970927
214 -0.08436201 0.2763426 -0.23131928 -0.1252395 -1.1464068
853 -0.039601848 -0.86081016 0.5148824 0.39736834 -0.9086238
382 -0.07866642 -0.14915995 0.043732896 0.40131557 -0.9100463
1137 -1.2316904 -0.26877317 0.012961792 -0.008353474 0.20546576
146 -0.76550543 0.014764054 0.2984161 0.57026356 -0.252652
429 -0.77488154 -0.3803048 -0.6894028 0.0906251 0.010245156
258 -0.39561513 -0.091902934 -0.21701348 -0.58076143 -0.8540724
601 -0.14286016 -0.79106325 0.51664823 0.2957769 -0.8483874
265 -0.025272012 -0.7024573 0.53163624 0.38115305 -0.9803945
351 -0.045063097 -0.713575 0.5468494 0.31803218 -0.9840313
82 -0.34507897 -0.24945569 -1.1112431 -0.7026202 -0.6693316
194 -0.08132299 -0.38618553 0.4607257 0.3275625 -1.004645
674 -0.22069666 -0.6043848 -0.16558844 0.0048904372 -0.6896399
151 -0.8552264 -0.2045752 0.3908306 0.25978157 -0.22096711
1074 -0.92861795 -0.59430325 0.21461625 0.40517968 0.06649166
657 -0.2866406 0.21118101 -0.17792985 -0.12235299 -0.9059121
634 -0.96912396 -0.26491946 -0.016980864 -0.027778566 -0.051003408
192 -0.12165724 0.15592283 0.1126111 0.12430504 -1.0823532
416 -0.5012595 -0.48901945 -0.62678075 -0.14256807 -0.3361802
646 -0.91071826 -0.7176152 0.24748258 0.3134759 0.04357661
785 -0.039974354 -0.7419555 0.5482556 0.2937635 -0.99037915
767 -0.17989075 0.26259202 0.12129187 0.3266091 -0.98118466
50 -0.03821844 -0.69704753 0.5321614 0.29655913 -0.9951238
580 -0.8601437 -0.55570316 -0.43382972 -0.09752168 0.018718006
784 -0.87895036 -0.079662986 0.20680216 0.55069566 -0.0838137
1026 -1.1682491 -0.1256444 -0.10432536 0.056001045 0.15786672
74 -0.857187 0.07500544 0.32781887 0.15537469 -0.31796092
1207 0.061151184 -0.05726375 -0.3927508 -0.19924301 -1.1836736
993 -0.1336397 0.40021688 -0.5949005 -0.14553335 -1.0241898
1282 -0.1643163 -0.15854792 -0.4566375 -0.46427456 -0.97686094
1040 -0.8796244 -0.06514814 0.39361376 0.2574113 -0.24107422
933 -0.788278 -0.12387592 0.30846664 0.49132046 -0.21560656
1051 -0.48988804 -0.33102405 -0.19279414 -0.641828 -0.7059675
410 -0.7362256 -0.3013287 -0.4282616 -0.78736925 -0.4368505
314 -0.6344578 -0.48757687 -0.58003503 0.09116149 -0.12862827
751 -0.14457005 -0.546849 0.36259317 0.2062883 -0.8926666
57 -0.18534538 -0.65208983 -0.07091835 0.1480973 -0.693262
1115 0.010186453 -0.8784391 0.44454274 0.4205806 -0.927971
845 -0.6874618 0.0021034535 0.33608633 0.54665005 -0.35010797
718 -1.0332454 -0.21677499 -0.006529169 -0.014132694 0.0009060313
953 -0.07528511 -0.78903544 -0.21269006 0.33675995 -0.6675877
33 -0.14166483 -0.21126671 0.28963834 0.20496473 -0.97215647
664 -0.9120465 -0.6741556 0.2364216 0.48610517 0.090754844
455 -0.7905637 0.40285343 -0.10726492 0.94104844 -0.11101281
955 -0.1648724 -0.54194874 0.30994114 0.19721536 -0.85637295
197 -0.9279825 -0.681077 0.26959157 0.47833282 0.09540512
36 -0.12675287 -0.6960913 0.56421816 0.27712506 -0.9175089
686 -0.8035324 -0.11843101 0.31061262 0.41988292 -0.22452192
179 -0.13415734 -0.5451497 -0.26018235 -0.15870787 -0.8343678
414 -0.60631865 -0.20622952 0.58029675 0.5777097 -0.44260967
130 -1.1896864 -0.19787648 -0.044926558 -0.108946085 0.12787987
619 -0.07638216 -0.42821106 0.49189356 0.19554366 -1.0578606
775 -0.70025843 -0.24911186 -0.7089951 -0.011821886 -0.1272239
134 -0.1317326 0.32382125 -0.49070847 0.061644692 -0.9552948
1201 -1.2351636 -0.3107828 -0.08457821 0.032868534 0.26375392
1082 -0.6300761 -0.3036662 0.3828738 0.54349935 -0.3326935
1113 -0.78429806 -0.06489425 0.27070814 0.57209104 -0.19886236
1283 -0.6225361 -0.5074793 -0.14083931 -0.23645191 -0.37489104
454 -0.23716655 0.28622937 -0.07310008 0.14856322 -0.92103696
549 -0.17495127 -0.11300928 -0.21591963 -0.5612329 -1.0912898
800 -0.22248627 -0.053144976 0.30496442 0.28639624 -0.90653706
824 -0.7252541 0.24631457 0.24558364 0.56630987 -0.3506533
290 -0.16003163 -0.40513018 -0.91507244 -0.47325328 -0.78556824
295 -0.82147753 0.24176651 -0.020590015 0.67225975 -0.13329223
638 -0.049625125 0.20665736 -0.25949833 -0.26502624 -1.2078983
319 -0.7966152 0.3579348 0.241489 0.16465949 -0.43972197
543 -0.6745825 -0.5493285 -0.72356254 0.27406067 0.027387131
148 -0.9153706 -0.48223275 0.27243096 0.20377629 -0.060261488
1195 -1.2488728 -0.22641703 -0.034888636 0.19693896 0.28946155
354 -0.70713943 -0.41393062 -0.47323698 0.22711039 -0.05767596
301 -0.6392999 0.45729902 0.36256483 0.53617555 -0.5587458
810 -0.8093561 0.26234332 -0.002918191 0.7961671 -0.12133823
735 -0.8430051 0.042716485 0.21691269 0.32749322 -0.23076509
285 -0.72887677 -0.25293627 -0.42388108 -0.010621677 -0.17451815
418 -1.0797888 -0.13240081 -0.32055953 0.09169568 0.14612752
1118 -0.9092918 -0.19798739 0.16528794 0.08883248 -0.15092726
918 -0.10523698 -0.32270187 -0.42117622 -0.35141388 -0.95937604
183 -0.7131289 -0.47281313 0.37616736 0.43985853 -0.2258367
869 0.0049242796 -0.3691271 0.5221982 0.3288848 -1.1289388
396 -0.17693996 -0.6150616 -0.1972781 0.039092712 -0.71314687
778 -0.76553434 0.09208945 0.28990033 0.5455127 -0.28044075
121 -0.8468124 -0.39300904 -0.3346031 -0.018473314 -0.041965354
605 -0.7209843 -0.24547012 0.39586166 0.6682037 -0.22050563
503 -1.056856 -0.37271273 0.07634549 0.38280725 0.16763149
85 -0.21756516 -0.7597971 -0.76585567 0.033857588 -0.47014755
939 0.021487553 -0.7007563 -0.52751136 -0.23505834 -0.91970116
1240 -0.11424322 -0.52994245 0.46030593 0.23502707 -0.95550567
1114 -0.02138257 -0.72221607 0.4586809 0.23501611 -1.0060407
626 -0.71596205 -0.34925786 -0.37072316 -0.7042524 -0.42782864
229 -1.0592009 -0.36198172 -0.04760029 -0.010888036 0.0803727
1151 -0.03060723 -0.7213315 0.57790154 0.37922928 -0.98718387
834 0.034032788 -0.7963601 0.34608215 0.3444219 -0.9685658
1170 -0.041809898 -0.69582427 0.5497817 0.3152163 -0.99303365
813 0.01593824 -0.6426618 -0.3109318 0.2503555 -0.8130334
144 -1.1159272 -0.12766142 -0.53699 0.1976362 0.27272427
94 -0.88910294 -0.737828 0.24547382 0.5780762 0.11083791
60 -0.19264407 0.3686565 0.12604973 0.32996947 -1.0029529
28 -0.09450564 0.066268034 0.16617754 0.17822626 -1.0807903
56 0.04433492 -0.4452362 0.48803884 0.24910313 -1.1695822
691 -0.1755642 -0.30902532 -0.83150625 -0.69731903 -0.9107685
1173 -0.15597704 -0.16576886 0.300644 0.32626656 -0.93238145
1016 -0.30753067 -0.013544852 -0.5292922 -0.48016268 -0.8443078
311 -0.6250039 -0.1415693 -0.39566433 -0.1901589 -0.3867159
771 -0.7277788 -0.3273834 0.014239909 -0.7914747 -0.57367826
316 -0.34209964 -0.21346025 -1.1160512 -0.677611 -0.66838527
672 0.019300437 -0.7072351 0.57323366 0.32241252 -1.0675082
642 -0.018131545 -0.20581912 0.0947248 0.3695455 -0.9906783
902 -1.0092198 0.3061866 -0.09159114 0.6104926 0.038929485
760 -0.6749644 -0.39445806 -0.29456404 -0.04186437 -0.23646004
1192 -1.0447117 -0.13471185 -0.06578025 0.2912986 0.102575876
703 -0.28895584 0.11860253 -0.43367195 -0.30317745 -0.86500263
819 -0.8906437 -0.5417409 -0.3700961 -0.028301701 0.050939094
595 -0.78997004 -0.3285493 -0.49530426 0.07498053 -0.042975694
816 -1.2412784 -0.14692526 0.0012936591 -0.10323884 0.15246558
615 -0.0679322 -0.13361941 0.15864295 0.115130566 -1.0689155
745 -0.71715134 -0.21698315 0.381011 0.42968082 -0.30237553
1164 -0.45745665 -0.37186232 -0.61451155 0.2790986 -0.27207685
31 -0.034330085 -0.72553724 0.409851 0.37060994 -0.9244364
530 -1.0430586 -0.44413447 0.1445879 0.38246614 0.15360454
293 -1.2345479 -0.053683642 -0.032159377 -0.12715144 0.12204762
629 -0.12932928 -0.48538867 0.5380574 0.1453437 -1.012361
1254 -0.8878193 0.45364925 -0.20856035 0.74574625 -0.053700875
466 -0.6829995 -0.25547224 -0.41108948 -0.81486344 -0.5229365
302 -1.0597095 -0.19437964 0.031196726 -0.01201698 0.008918749
1216 -0.19275375 -0.124745175 -0.63124037 -0.0005850668 -0.7267827
870 -0.6351066 -0.42769286 0.49283168 0.42106012 -0.36759952
1239 -0.020078216 -0.5805354 0.54013324 0.2604713 -1.0681586
1172 0.20525649 -0.27142212 -0.92190063 -0.3700022 -1.2119837
620 -0.12655899 -0.6458677 0.47031912 0.26333207 -0.90130156
560 -0.82707804 -0.40350333 0.1554402 0.02342205 -0.19318353
679 -1.1594994 -0.22257513 -0.19545828 -0.14652556 0.13874066
186 -0.96419096 -0.0840379 0.27575204 0.31764784 -0.09000245
680 -0.9201868 -0.4755011 0.21311967 0.5501047 0.068176016
1058 -1.0667928 -0.29247087 0.011943196 0.16596341 0.106709376
714 0.12703058 0.014850015 -0.79529846 -0.042629275 -1.1080543
381 -0.6700307 -0.3141486 0.28685927 0.37566862 -0.3091225
982 -0.86510414 0.37513158 -0.15016197 0.78619444 -0.057048008
593 -0.24630904 0.27828345 -0.2225559 0.1500348 -0.8600443
716 -0.18527482 -0.58623886 -0.18979332 0.11624744 -0.6863132
415 -0.5091005 -0.6137304 0.30733603 -0.38827208 -0.6639024
325 -0.15065356 -0.27897722 0.2122155 0.19267084 -0.9188088
639 -0.3509982 -0.64107025 -0.7030028 0.009948182 -0.38167638
511 -0.047546946 -0.6168913 -0.23854195 0.1725497 -0.796837
951 -0.8540207 -0.2135714 0.22073007 0.31130442 -0.1470841
808 -0.7812984 -0.7691251 0.23295644 0.7616731 0.06831312
857 -0.06300567 -0.6662279 0.5336292 0.31004986 -0.9731949
212 -0.50500065 -0.5533164 0.34958756 -0.44596916 -0.72307223
586 -0.13096456 -0.43293613 0.4806273 0.18565059 -0.99113727
274 -0.632224 -0.25492704 0.046522662 -0.33837998 -0.53373456
832 0.022381598 -0.6589979 0.44721782 0.3422909 -1.0324539
394 -0.7434347 0.063480765 0.2918017 0.42793813 -0.3325422
693 -0.19708808 -0.4572337 -0.1082274 0.046309486 -0.76128596
233 -0.38243935 -0.3699517 -0.74988455 -0.4792902 -0.59216803
1116 -0.86941713 0.78572744 -0.17227577 0.7659387 -0.18641973
1131 -0.9205121 -0.21971229 0.29939058 -0.073373705 -0.22984292
701 -0.07564503 -0.69386274 0.5018084 0.29173288 -0.94619346
755 -0.7896274 0.26790246 0.17971028 0.27482963 -0.3616207
1214 -0.81592053 0.4537749 -0.14681508 0.73524445 -0.14803262
153 -0.07708189 -0.2659124 -0.6954656 -0.7048128 -1.0778499
512 -0.057134256 -0.72461015 0.49850392 0.2370188 -0.97841084
490 -0.76936585 0.5189853 -0.08719323 0.89428335 -0.18773177
315 -0.18739377 -0.89128435 -0.34199974 0.20712884 -0.52041847
723 -0.80468994 0.11741701 0.28048164 0.37830943 -0.2983432
93 -0.31214592 -0.11351568 -0.21360646 -0.69710565 -0.9895613
44 -0.07963975 -0.98167795 -0.28368267 0.3248111 -0.59483284
973 -0.8478194 0.6157107 -0.15338552 0.8565239 -0.13269438
206 -0.007838131 -0.6298041 -0.23596022 0.20045677 -0.82880247
78 -0.8308005 0.08821737 0.11872873 0.37532508 -0.20979902
825 -0.89576674 -0.69936275 0.18144628 0.734051 0.17060167
81 -0.467843 -0.31110108 -0.1728109 -0.6315274 -0.74040306
68 -1.1567986 -0.116272785 -0.27879578 -0.072444655 0.15282786
831 -0.04180877 -0.5804749 0.58188325 0.19667047 -1.0815529
659 -0.8550692 -0.20381324 -0.43039298 -0.2283068 -0.1327471
1036 -0.077226065 -0.9975235 -1.0531672 0.2073188 -0.42689848
409 -0.37569353 -0.1691808 -0.5500787 -0.15992688 -0.59183997
363 -0.16743317 -0.24242745 -0.9008741 -0.6733299 -0.9097258
695 -0.63900346 -0.3221644 -0.536065 0.23851708 -0.13261123
712 -0.35553446 -0.2735802 -0.77545154 -0.61164796 -0.6954915
1204 -0.898784 -0.53968483 0.122956924 0.5189725 0.08561775
1086 -0.62050647 -0.23823969 -0.3973652 -0.8160116 -0.6003725
647 -0.42522603 -0.41327524 -0.0020308625 -0.3973194 -0.71844983
162 -0.29710275 -0.72039163 -0.7453866 0.028102363 -0.40174654
768 -1.100101 -0.24822147 -0.3598101 0.038851555 0.19354855
39 -0.3123276 -0.42760006 -0.8589698 -0.50913894 -0.6383678
491 -0.78203297 -0.4604512 0.38594016 0.2509164 -0.22361688
1014 0.23922926 -0.2143062 -0.9505325 -0.23307654 -1.2092712
587 0.019713553 -0.4226988 -0.0004023797 0.36306533 -0.9376456
704 -0.9085425 0.3502518 -0.20744525 1.0661654 0.08904464
230 -1.1128117 -0.16361286 -0.402933 -0.06042577 0.16491224
160 -1.1018912 -0.16157933 0.23541948 -0.044741366 -0.03291079
1013 -0.77762544 -0.5958609 0.18644728 0.67187905 0.006209505
1011 -1.1213226 0.26320994 -0.10952356 0.29088184 0.07153299
847 -1.0339829 -0.36651102 -0.012681644 0.6964429 0.2621046
957 -0.036681972 -0.093067855 -0.8243182 -0.13800667 -0.91335243
758 -0.5582752 -0.39567432 -0.54031587 -0.78876245 -0.5694367
862 -0.095871255 -0.43354183 -0.577808 -0.4385017 -0.9285649
794 -0.76269835 0.08776673 0.31488553 0.36498475 -0.3467325
161 -1.1347891 -0.09949317 -0.27475798 -0.0018281944 0.14925474
1109 -0.12886842 -0.9504605 -0.9895443 0.15887396 -0.41568303
635 -0.38852498 -0.52422124 -0.20661023 -0.2560894 -0.61027104
169 -0.016872777 -0.67696404 0.51796275 0.31383473 -1.0184976
555 -0.17656387 -0.6953189 0.122371465 0.061588056 -0.78425825
1126 -0.09315804 -0.120028935 -0.008040298 0.28661275 -0.92904127
294 -0.6173685 -0.3750305 -0.14766923 -0.36791754 -0.46391597
80 -0.43232885 -0.17451611 -1.0340195 -0.6556282 -0.5917603
865 -0.83583957 -0.60320526 0.47458178 -0.47424385 -0.4062249
1007 -0.23955475 -0.5505688 -0.017337885 -0.15643755 -0.7872138
537 -0.030014044 -0.49940094 0.49335325 0.19971587 -1.0867811
850 -0.95883495 0.43343642 -0.26941428 1.1024743 0.14158422
1253 -0.8489241 -0.76148754 0.20416345 0.9784106 0.20711806
478 -0.9034215 -0.70321935 0.17744902 0.52492905 0.11829716
1005 -1.22623 -0.27133977 -0.03564461 -0.13991526 0.17135306
343 0.12763679 -0.19643284 -0.9490684 -0.518695 -1.2006091
523 -0.03994681 -0.58537245 0.54229444 0.19118232 -1.0685608
1179 -0.1275377 -0.35421732 0.20075506 0.2022377 -0.915298
526 -0.16314568 -0.03928479 0.13667043 0.012066599 -1.0208095
653 0.10715262 -0.5817721 -0.56286925 -0.13815105 -1.0061839
470 -0.6936028 -0.33680925 -0.75051564 -0.6411527 -0.32731792
163 -1.2245806 -0.13408954 -0.033477064 -0.11591326 0.13887988
947 -0.1716391 -0.3264073 -0.76578027 -0.6577142 -0.91011465
1199 -0.83244276 -0.66378 0.06763344 0.9455674 0.19529143
465 -0.27696106 -0.35932016 -0.076379105 0.14280148 -0.6764025
1045 0.09171651 0.06968337 -0.55640894 0.26732686 -1.0353627
1037 -0.20477358 -0.5671478 -0.3330806 0.0013711031 -0.66719776
190 -0.91584927 -0.6987455 0.23805054 0.6742664 0.15691862
1160 -0.031806882 -0.38413408 0.4788599 0.18870501 -1.1196076
83 -1.0249608 -0.18590608 0.020373922 -0.19689581 -0.088155925
40 -0.7443545 -0.40389413 -0.40372723 -0.6521058 -0.35313794
730 -0.02179614 -0.6148487 -0.07496697 0.23044832 -0.85906637
782 -0.8564718 -0.36397988 -0.4409297 -0.6254004 -0.2247338
238 -0.21753964 -0.18570372 -1.0529408 -0.66678524 -0.8321964
874 -1.0708574 -0.015575989 -0.113047644 0.37886584 0.1318416
76 -0.5037383 -0.527915 -0.57973665 -0.14929913 -0.33669144
852 -0.23915865 0.21927024 -0.06819252 0.32090688 -0.8395312
881 -0.16111466 -0.6269395 -0.30015066 -0.4030824 -0.86518645
667 -1.2391989 -0.019590434 -0.70189476 -0.15954453 0.29033163
1124 -1.140706 -0.22614811 0.0033897564 0.11055637 0.14562091
920 -1.1577519 -0.24348265 -0.29195392 -0.07243614 0.19489749
1261 -0.9283147 -0.7079627 0.09630791 0.74770176 0.23712723
741 -1.2376204 -0.07767718 -0.8385334 -0.015677184 0.38454768
814 -0.958167 -0.09640261 0.37463692 -0.026926512 -0.23775308
227 -0.86493015 -0.06423558 0.020375902 0.10985341 -0.18252286
308 -1.0214708 -0.14894587 0.26578844 0.16409472 -0.0597323
1196 -1.2754283 -0.2114172 -0.07151672 -0.17910922 0.1998776
185 0.042157024 -0.61732936 0.46416852 0.30613405 -1.084617
389 -0.6073601 -0.64308333 0.23131695 -0.07607347 -0.41233465
4 -0.7779227 -0.28101695 0.29254752 0.47810325 -0.17550316
255 -0.5110455 -0.20239112 -0.9710308 -0.7047748 -0.5328492
340 -0.2899667 -0.26818994 -0.9713005 -0.7562053 -0.7812909
588 -1.1856482 -0.34880668 -0.48946288 -0.11998157 0.2889135
1025 -1.0833925 -0.13703923 -0.7189941 0.6179066 0.41794893
225 -0.21479188 -0.5160961 0.26342064 0.27268443 -0.765748
318 -1.0758073 -0.3158295 0.059375554 -0.2193821 -0.017142488
1251 -0.7642303 -0.74173427 0.15533772 1.0133085 0.14168496
1020 0.024689948 0.24078469 -0.30827135 0.55612576 -0.9865729
187 -0.84476465 -0.60910636 0.49794552 -0.45855466 -0.39613387
18 -0.85687894 -0.24819417 0.20820515 0.40527016 -0.10039219
658 -1.2497879 -0.15597996 -0.85724676 0.023004703 0.43475643
694 -0.93656844 -0.34046498 0.0069275615 -0.018419316 -0.067715384
1138 -1.204219 -0.05478801 -0.6305263 0.06408217 0.32171756
438 -0.0822975 -0.35067445 0.25755534 0.1741912 -0.997379
193 -1.009605 0.01607692 0.43770984 -0.62392324 -0.45404667
472 -0.3870516 0.1498565 -0.1419623 0.22013934 -0.6648998
806 -0.42279842 -0.40504086 -0.39236176 -0.5102309 -0.6475262
1065 -1.0616182 -0.21271317 -0.30322468 0.5056706 0.2743079
550 -0.075125426 -0.9913284 -1.0473821 0.106188 -0.47023246
263 -1.2246635 -0.19456707 -0.71713436 -0.03820074 0.36946929
155 -0.78573096 -0.7566122 0.12687735 0.94222474 0.15618902
516 -1.1671692 -0.09045449 -0.44992715 -0.11487163 0.18938842
750 -0.087458394 -0.2569663 -0.7889762 -0.57016456 -0.98795766
47 -0.75219816 -0.39292973 -0.63323176 -0.708819 -0.30732137
600 -0.9173055 0.13481937 0.622968 -0.69722587 -0.68466693
471 -1.2408805 -0.13269855 -0.8356544 0.00068650313 0.40865043
854 -0.7631019 -0.3577508 -0.6283196 -0.6971542 -0.30172625
780 -1.2749443 -0.1531172 -0.78472966 -0.15194747 0.38142794
1102 -1.050978 -0.21610476 -0.38137788 0.3884895 0.25370303
848 -0.98650724 0.38806227 -0.2176376 1.1426692 0.1767852
271 -1.2323563 -0.30633244 -0.43007156 -0.1849764 0.2858288
499 0.02436892 -0.4185502 0.51726186 0.18929876 -1.184323
654 -0.15219447 -0.43561715 -0.53639513 -0.47014356 -0.8878938
103 -0.8910298 -0.60578895 0.1962375 0.5917909 0.097172305
726 -1.0783553 -0.051978704 -0.0654162 0.18218315 0.07677805
70 -1.1322674 -0.2578292 0.026455963 -0.13780223 0.05954685
1154 0.31809592 -0.18963023 -0.95180136 -0.3671315 -1.3688009
666 -1.0883615 0.03082343 -0.33565983 0.10832128 0.11681096
907 -0.050667766 -1.0017606 -1.0985264 0.1651846 -0.46109048
480 -0.11939889 -0.31196576 -0.9915489 -0.54537594 -0.8701389
1085 -1.192818 -0.16482052 -0.37169024 0.29792017 0.3423297
247 -0.96395385 0.24412858 -0.2709909 1.1005017 0.20600592
1122 -0.9339383 -0.42136842 -0.110784754 0.9248383 0.27433094
945 0.22099973 -0.19544795 -0.8141724 -0.4637793 -1.318393
761 -0.4462602 -0.7109871 0.060522564 -0.07862234 -0.5126692
5 0.1489282 -0.106521614 -0.57401747 0.0306634 -1.1301752
796 -0.6729591 -0.38677567 -0.25702882 -0.70625585 -0.49851567
829 -0.007884516 -0.5170761 0.50435436 0.1380634 -1.1345867
977 -1.1169366 -0.18793742 -0.4159873 0.46701643 0.3388137
1205 -1.1060708 -0.011856845 -0.22512686 0.6283136 0.27343932
725 -1.2818078 -0.1123567 -0.57659966 -0.19430931 0.3154662
1211 -1.2285187 0.018636998 -0.46825948 0.33819818 0.36610347
989 -0.12876686 -0.41732454 0.08131593 -0.11431769 -0.9695627
1209 0.17737715 -0.17096056 -0.8183789 -0.4970345 -1.2915906
614 -1.2326797 -0.2026692 -0.4707277 -0.046030533 0.3133633
1106 -0.095124446 -0.39695033 -1.1332946 -0.48435426 -0.81758165
1095 -0.20257658 -0.31905273 0.24821898 -0.003189227 -0.9315902
65 -0.04573266 -0.22605567 -1.1005305 -0.49234644 -0.9326095
802 0.15577902 -0.27384356 -0.82925314 -0.30029997 -1.1482983
45 -1.0717912 -0.21203753 -0.3816492 0.2939687 0.24207383
1003 -1.0747726 -0.24332109 0.16770025 0.18049175 0.056504507
1163 -1.2923406 -0.16151041 -0.7663456 -0.047860302 0.43241796
235 -0.012639463 -0.5591046 0.3990754 0.2038711 -1.0520566
821 -1.2063534 -0.38407978 -0.6915532 0.11800345 0.44333938
286 -0.79681337 -0.8845114 0.049226843 0.6855017 0.1490413
1038 -1.0306163 0.1517956 -0.19341324 0.83717424 0.20214069
855 0.30428752 -0.18243805 -0.99280226 -0.39527825 -1.3540673
1225 0.28388068 -0.13790706 -1.057514 -0.48400256 -1.3673931
656 -0.4497222 -0.585864 -0.113522165 -0.5178743 -0.65145504
688 -1.1474257 -0.047883626 -0.28374574 0.100554205 0.18034409
908 -0.01855212 -1.0079075 -1.0951959 0.19071724 -0.48759627
1252 -0.83876735 -0.7910511 0.20335095 0.94334483 0.19427978
961 -0.14563547 -0.5133992 0.027830683 -0.069247894 -0.88792866
571 -1.149031 -0.30738783 -0.8821713 0.27500802 0.46600989
963 0.10981211 0.20224223 -0.4073013 0.4316791 -1.0843545
122 -1.0002333 0.38968608 -0.22054704 1.1233424 0.18604325
334 -0.74938375 0.10678881 0.55538774 -0.48259863 -0.7463464
3 -0.7779059 -0.3180454 0.24887422 0.4400403 -0.16399965
445 -0.23671949 -0.65222263 0.1640309 -0.06806583 -0.7878589
1220 -0.09119194 -0.5911723 0.0486037 0.01306695 -0.9040523
99 -0.8123658 -0.79094726 0.24668515 0.99094033 0.1692931
609 -1.2163596 -0.31861004 -0.3325563 -0.5960723 0.104994655
772 -0.26766738 -1.0374931 -0.05834135 -0.020389095 -0.5597618
1273 -0.031331465 -0.46423373 -0.2906217 0.23083067 -0.8234044
1180 -1.2774812 -0.18219681 -0.2089413 0.5097863 0.44569883
612 -0.97742695 -0.6719195 0.13725762 0.4450495 0.17375332
1224 0.26439077 -0.13641278 -0.9574352 -0.43510067 -1.3455324
1144 -1.2514875 -0.2293317 -0.17278063 0.2374616 0.34503564
979 -0.047981106 -0.33135197 -1.0198036 -0.42622966 -0.8916041
345 -0.64358974 -0.48352784 -0.45214957 -0.65848595 -0.42468292
1279 0.30475777 -0.086862855 -1.023779 -0.4029062 -1.377876
565 -0.9805926 0.24532522 -0.26332906 0.9746171 0.1843406
527 -0.10084322 -0.55659896 -0.11877227 0.017872717 -0.84760195
1155 0.33824402 -0.143693 -1.0079339 -0.39212853 -1.4042374
1031 -1.0776392 -0.18445331 0.2895919 -0.6759295 -0.291476
249 -1.2802459 -0.15913795 -0.7295761 -0.17375676 0.37211907
1096 -0.03233719 -0.8635125 -1.0669097 0.18131323 -0.51823866
1161 -1.101543 -0.12366529 -0.52845174 0.5551279 0.3669256
370 -0.15527119 -0.4468871 -0.50999105 -0.47111458 -0.8895117
391 -0.13448547 -0.95875317 -1.080078 0.1462464 -0.39181456
590 -1.1537851 -0.028763212 -0.16619997 0.4211111 0.24620782
1203 -0.13371183 0.03384837 0.047484025 0.14302076 -0.9985187
1234 0.326055 -0.08346733 -0.9655447 -0.485698 -1.4567432
1022 -0.9930128 -0.07996818 -0.27669364 1.0234747 0.30938503
942 -1.0437645 -0.28533205 -0.14672565 0.48931342 0.22972083
731 -0.042974807 -0.9840905 -0.5842974 0.22222498 -0.58444697
528 -1.117139 -0.032960467 0.51665795 -0.93668807 -0.48034203
637 -1.1507529 -0.2602554 -0.17174329 0.3075729 0.27784273
157 -0.89465666 -0.107067525 0.39480573 0.14731401 -0.24818316
1238 -0.93979305 0.29338583 -0.25806463 1.0093719 0.13783391
1193 -1.1512192 -0.1828774 -0.5084918 0.55452925 0.42137235
1099 -0.45380673 -0.39668095 -0.7185189 -0.85253185 -0.6619057
89 -0.17927657 -0.8231051 -0.7252903 0.049996752 -0.49883634
859 -0.99394804 0.0038956634 0.62097114 -0.90819204 -0.6450583
24 -0.8189526 -0.7889562 0.10489711 0.69496727 0.13081709
915 -1.0143199 0.62965363 -0.29153442 0.98648757 0.105934724
300 -1.3251052 -0.1571814 0.049247157 -0.22332041 0.18344867
232 -0.5312719 -0.41507494 -0.6557351 -0.91769284 -0.61622936
1009 -0.99072015 -0.1220741 -0.29506654 0.8462629 0.274963
799 -0.9210903 0.043459553 0.44363812 -0.6608991 -0.5721992
1177 -0.9317952 -0.1274196 -0.2992256 1.0007343 0.2635341
1047 -1.149418 -0.068618216 -0.07403526 0.37309426 0.21275477
1152 -1.0597632 -0.19795588 -0.44883233 0.7259133 0.37491983
388 0.09170366 0.069211535 -0.72175527 0.4081122 -0.9362875
369 -1.1214765 -0.09389091 0.45844835 -0.82944125 -0.39146438
1062 -0.18229164 0.523209 0.3446669 0.5882894 -1.0574936
1017 -0.99487484 -0.55230117 -0.08229626 0.7517865 0.31407106
77 -1.0506485 -0.19701645 -0.43146834 0.67918724 0.3456949
811 0.2647525 -0.18217358 -1.0241855 -0.4253376 -1.312221
138 -0.12082248 -0.48292413 0.05503727 -0.046903923 -0.9263353
546 -0.18350339 -0.5653854 0.27857637 0.043774832 -0.87253034
217 -1.2311242 -0.027793258 -0.5572885 0.083832406 0.32692778
358 -1.0591685 0.0207753 0.4908402 -0.9904324 -0.5702288
721 -0.6126111 -0.3587013 -0.38395187 -0.22589476 -0.35190177
766 -1.059439 -0.15988785 -0.5300515 0.6456281 0.36160502
441 -0.56152886 -0.39536214 -0.39671344 -0.17499177 -0.37575787
733 -1.0676453 -0.010617252 -0.23611154 1.0217427 0.34925085
17 -0.36727983 -0.250754 -0.2869001 -0.5751656 -0.81118757
835 -0.5853672 -0.60836387 -0.9552558 -0.6680138 -0.32598743
975 0.2676873 -0.18454446 -1.0674851 -0.5147552 -1.3406755
1136 -1.1675574 -0.12990248 -0.052873876 0.22143382 0.19235247
981 -0.19233118 -0.2055464 -0.7435664 -0.64037305 -0.9233519
645 -0.26425034 -0.19154812 -0.25870487 -0.54209757 -0.94194156
1168 0.053512264 -0.4998323 -0.762017 -0.4236737 -1.0265807
399 0.15928325 -0.25197276 -0.9087041 -0.33773935 -1.1523651
361 -1.0378528 0.021305125 0.50375706 -0.6681814 -0.46755096
444 -1.021542 -0.07027015 0.47675997 -0.87428284 -0.5267801
863 -1.1839745 -0.11228071 0.050751694 -0.17208639 0.048509385
475 -1.0033377 -0.019170225 0.50531936 -0.7355351 -0.51682246
708 -0.844615 -0.5851226 0.015262961 0.6061477 0.10249197
928 -1.1745859 -0.1408599 -0.5292238 0.16857389 0.32130018
500 -1.1723126 -0.040579364 -0.8736448 0.389277 0.44734657
1270 0.29371566 -0.1692323 -1.019713 -0.4565006 -1.3611761
1188 -0.12811485 -0.7527695 -0.1675657 0.022048319 -0.74408406
1092 -0.94812244 -0.11278257 -0.29025242 1.0276152 0.28048283
135 -0.9590446 0.08188322 0.6681558 -0.91035265 -0.7266548
457 -0.0831192 -0.21268564 -1.0242305 -0.52541524 -0.92718863
1248 -1.0052081 -0.23662823 -0.22106631 0.9522024 0.33113396
698 -1.1484302 -0.2637597 -0.5624569 0.36903468 0.40281397
1146 -1.34546 -0.13995637 -0.09433628 0.05619445 0.32986936
264 -1.2682351 -0.3493595 -0.20882674 0.1669419 0.38285816
504 -0.31706417 -0.22689058 -0.44315538 0.078113325 -0.5833847
456 -0.47759947 -0.2956277 -0.44126484 -0.735718 -0.69461507
986 0.15340339 -0.19960393 -0.89586866 -0.41741624 -1.1990058
338 -1.1010814 -0.1252686 -0.40894148 0.5353863 0.32718056
717 -0.956087 -0.062427226 0.5680442 -0.70084625 -0.56237495
1105 -0.1500739 -0.3566347 -0.964714 -0.52956796 -0.82388484
896 -0.8925907 0.11527245 -0.16093314 0.85536 0.071491644
21 -0.25532562 -0.20194195 -0.22461277 -0.5419243 -0.96038485
621 -1.1131564 -0.07999019 0.45970201 -0.7953195 -0.3937545
87 -1.0694855 -0.3757565 -0.028811082 0.41559714 0.22203605
860 0.22780551 -0.88629 -0.8353737 0.330713 -0.81371516
468 -0.73030764 0.17192763 0.008881463 0.6281448 -0.22545005
702 -1.1292398 -0.3338447 -0.2786144 -0.07080653 0.18880415
310 -1.343876 -0.3710439 -0.2512831 0.094791405 0.44972822
1064 -0.7809844 -0.66075253 0.20108695 0.96163577 0.10610267
222 -1.253943 -0.45818418 -0.44117737 0.18285911 0.46706924
893 -1.0278298 0.7818813 -0.20197794 0.9368757 0.029359607
368 0.017123427 -0.891934 -0.96040547 0.19990116 -0.585965
1280 0.37237796 -0.17303143 -1.0346891 -0.44749367 -1.4535815
1174 -1.0585748 -0.24844983 -0.16820034 1.0363907 0.3919014
67 -1.1695635 -0.30397514 -0.2595253 0.3366559 0.34103358
882 -0.94894266 -0.1605459 -0.2141798 0.9434597 0.2513335
1175 -0.13906597 -0.27146515 -0.6927853 -0.6902558 -1.0013403
75 -1.2220509 -0.4098461 -0.4771682 0.19078833 0.43485457
1153 0.21482351 -0.2279266 -0.98693496 -0.4615728 -1.257854
1185 -0.077563435 -0.44436744 -0.64748836 -0.600975 -0.9939487
364 -0.15516701 -0.3391933 0.09739551 -0.107255206 -0.9668797
481 -0.852868 0.47813043 -0.13422914 0.64936936 -0.14809519
365 -1.2956119 -0.6071795 -0.16923374 -0.025456756 0.4076648
652 -0.077548854 -0.7472169 -0.61498475 0.19910532 -0.6096681
42 0.03240198 -0.44949776 0.02508924 0.0789331 -1.0567323
1178 0.20578232 -0.3100992 -0.2486988 0.37545797 -1.1028929
545 -0.2777359 -1.0164297 0.07786482 0.10440152 -0.5530781
384 -0.9792791 -0.006539775 0.6500669 -0.7469282 -0.6030543
353 -1.0853857 -0.19624558 -0.55318075 0.31888086 0.30678946
182 -0.9882971 -0.17614321 -0.27871922 0.98138195 0.32214287
960 -0.23941393 -0.32999092 -0.74303114 -0.63120925 -0.8250103
1148 -0.9323235 -0.07608647 -0.25356308 1.1265203 0.27170226
861 -1.0460457 0.15320586 0.68669635 -0.92112064 -0.67219126
1276 0.24569482 -0.20582332 -0.96085507 -0.41839418 -1.2909847
900 -1.0143484 0.6510331 -0.25487727 0.99034524 0.090972185
685 -0.17135103 -0.23602511 -0.3063551 0.043950472 -0.7946742
1186 0.11019415 -0.3167891 -0.77327406 -0.39933383 -1.1339774
505 -1.1454055 -0.2263545 -0.73550767 -0.014741384 0.3137043
150 0.14510354 -0.11146463 -0.85300434 -0.36448902 -1.2054769
791 -0.8244539 0.057866763 0.7361473 -0.72863054 -0.81388736
984 0.21837763 -0.06538304 -0.42622143 0.20830265 -1.2009906
69 -1.0018989 0.10320431 0.63466436 -0.9719134 -0.7021206
1067 -0.46321112 -0.3135074 -0.46677184 -0.17553917 -0.48373947
1015 -0.340422 -0.30292413 -0.5240373 -0.36937895 -0.679305
883 -0.9327751 -0.029048406 0.6218161 -0.8814623 -0.69115
879 -0.80728114 -0.66270405 0.11206945 0.6268947 0.06497082
1128 -0.46205032 -0.5955364 -0.40956587 -0.4703784 -0.52975947
421 -1.2606447 -0.35796967 -0.60395634 0.0610705 0.45033684
380 -1.2023021 -0.47654074 -0.5893984 0.006327273 0.40638503
830 0.19155939 -0.9480478 -0.8303928 0.32280305 -0.75664026
739 -0.4929094 -0.5640221 -0.848069 -0.6857297 -0.47210568
948 -0.33355823 -0.73663455 -0.43165213 -0.34974623 -0.5791773
534 0.12798245 -0.24913964 -0.29179245 0.31215456 -1.0405095
732 0.12271936 -0.7957428 -1.0365502 0.3316019 -0.6645398
273 -0.14532968 -0.26329356 -0.7219534 -0.68509823 -0.9816127
1223 0.19770081 -0.2682629 -0.93751943 -0.48056865 -1.2506505
1256 -1.2344985 -0.2973976 -0.30585325 0.45107505 0.44864628
124 -1.3373106 -0.06677321 -0.04723187 -0.09076906 0.2417166
632 -0.5813004 -0.8087689 -0.2858709 -0.50158256 -0.38929498
422 -0.17057621 -0.25574464 0.057357214 -0.10607071 -0.9615807
643 -0.19916292 -1.0110749 0.04758442 0.059302602 -0.6459328
95 0.2463567 -0.24615106 -0.8974443 -0.42898858 -1.301701
611 -0.98384476 -0.5186288 -0.1427245 0.3177355 0.18202597
1072 -1.0798382 0.07531039 0.6186307 -0.9008496 -0.5763052
1187 0.038923595 -0.44616786 -0.32973602 0.17932335 -0.91436046
747 -1.3065743 -0.21709178 -0.5342062 -0.18421622 0.35910627
366 -0.12437703 -0.8310526 -0.72689056 -0.20570515 -0.6505181
350 -1.0985959 -0.31563514 -0.6299217 0.3739862 0.38956156
692 -0.7530101 -0.7936794 0.58136123 -0.4184176 -0.4565342
539 0.17678446 -0.27019054 -0.81594276 -0.32362035 -1.1874369
700 -1.288642 -0.4632516 -0.274257 0.13790129 0.4405198
779 -0.5835275 -0.7248928 -0.25034884 -0.5549585 -0.44001633
10 -0.8204795 -0.3541783 0.19655111 0.20918036 -0.1644493
682 -0.65837526 -0.7110754 0.5448177 -0.37998962 -0.55163884
970 -1.0210388 0.009110289 -0.41197422 0.71544075 0.26284352
156 -1.3238939 -0.30483216 -0.20542496 -0.017364854 0.36302894
1215 -0.7730249 -0.08642904 0.12629192 0.847489 -0.07581604
377 -0.41441098 -0.59540015 -0.7483752 -0.61698586 -0.547957
665 0.008189798 -1.1040145 -0.18891573 0.2197715 -0.7253084
1190 -0.15438749 -0.9711914 -0.5976431 -0.08909162 -0.57167363
1142 -0.14177528 -0.6200394 -0.35816842 -0.23476018 -0.80546045
118 -0.08650021 -0.33793464 -0.6468657 -0.7690311 -1.0866486
288 -0.43328452 -0.34495738 -0.59596366 -0.9231295 -0.76232994
309 -0.016550718 -0.7440892 -0.40761408 -0.14500965 -0.86605984
86 -1.0965227 -0.33215255 -0.6159079 0.3168718 0.3694401
245 -1.0981722 -0.17734368 -0.3503072 0.014387337 0.16235052
1054 -1.0271477 -0.06449363 -0.25241512 0.76505804 0.26057526
944 -0.26597092 -0.5455079 0.18203272 -0.22609699 -0.8519374
1101 -1.0758669 -0.11064733 -0.62015164 0.55916387 0.3623043
97 -0.56452054 0.61473376 0.49710318 0.24518047 -0.83575755
591 -1.0917039 -0.11915429 0.5409373 -0.9387449 -0.48508593
787 -1.0197314 -0.0003699068 0.4877792 -0.72284234 -0.49560726
518 0.26045445 -0.9297173 -0.73250604 0.3809792 -0.8465267
938 0.22662657 -0.8602862 -0.57224405 0.2818509 -0.90620714
379 -0.21156526 -0.5636627 -0.59924954 -0.4772307 -0.76809245
554 -1.2078239 -0.45921683 -0.75026697 -0.034033913 0.43343318
1166 0.10799798 -1.1231982 -0.081165254 0.26786077 -0.8483909
231 -1.009094 0.0009228721 0.67612123 -0.94422734 -0.66690975
1268 -0.24254818 -0.695047 -0.7942916 -0.22028893 -0.54582083
966 -0.0781589 -0.93436515 -0.7453129 0.03582184 -0.5801623
995 0.15901078 -0.7846482 -0.360985 0.044516373 -0.99824494
1093 -1.0612136 0.024345405 0.62104 -0.8891813 -0.5750371
110 -0.40346164 -0.81774056 -0.64870054 -0.7020765 -0.55727965
585 0.1962627 -0.39164603 -0.23321404 0.32058337 -1.0913614
477 -1.1816745 -0.051280797 -0.57579607 0.29599512 0.35558695
1021 0.10168399 -0.44448316 -0.7873855 -0.1786111 -0.9967693
268 -0.05596973 -1.1640497 -0.231899 0.13403016 -0.65421253
996 -1.034053 -0.033617996 0.59962505 -0.9216934 -0.5920082
690 -0.9701067 -0.51077294 -0.025664235 0.66590637 0.23557374
116 -1.1639608 -0.21349975 -0.7788108 0.33500624 0.4460361
913 -0.14600842 -0.5248054 -0.06335843 0.00022671734 -0.82909393
1123 -1.1244258 -0.12228098 -0.235562 1.0928775 0.45160624
20 -0.81115246 -0.039940048 0.45066527 -0.5504806 -0.62376744
613 -0.9853804 -0.00568018 0.6185275 -0.83631706 -0.624279
509 -1.0714399 0.031269774 0.52581704 -0.6770604 -0.44553712
202 -0.0442978 -0.8843072 -0.71820015 -0.16475306 -0.7162564
1255 0.20829031 -0.02721146 -0.58641976 0.41680324 -1.0767783
660 -0.82478 -0.049664807 0.8566206 -0.9009172 -0.89774656
337 -0.92831427 0.26324698 0.76892585 -1.0990009 -0.9400059
35 -1.1669587 -0.4771282 -0.55888426 0.16039056 0.4118125
1090 0.29154858 -0.93361825 -0.9023235 0.40745005 -0.826988
1212 -1.1219931 -0.070689976 -0.5446728 0.44981617 0.34355754
927 -1.174936 -0.22561823 -0.8033999 0.40077224 0.48708212
618 -0.26164487 -0.32618275 -0.7764115 -0.8514136 -0.8859489
346 -1.0106972 0.07575824 0.5577166 -0.8286858 -0.5950521
16 -0.7498763 -0.47252548 0.3236387 0.16375993 -0.2572586
79 -0.8907442 0.16689299 0.74702096 -1.030065 -0.909163
219 -0.20922375 -0.63247734 0.18759313 -0.19895223 -0.8826184
868 -0.95064163 0.024660606 0.5632409 -0.90028423 -0.6743145
943 -1.0360944 0.13985786 0.6520916 -1.0053543 -0.69693094
15 -0.8328265 -0.08926126 0.4603342 -0.7201908 -0.6544224
100 -1.2407445 -0.26423988 -0.11720194 0.08286982 0.28069872
306 -0.044926204 -0.60888153 -0.63524395 -0.2979679 -0.86495143
631 -1.1497508 -0.12228731 -0.57762563 0.42256713 0.38520288
434 -0.07365291 -1.2572198 -0.048442546 0.13901535 -0.6661888
1139 -1.0526966 -0.1382186 0.5366353 -0.98550034 -0.54001874
112 -0.95094436 -0.033907037 0.5944173 -0.8246867 -0.6375855
876 -0.6806366 -0.43845022 0.14656277 -0.368931 -0.46788093
178 -0.9234614 0.103972346 0.7678171 -1.0824292 -0.8828963
985 -0.9562456 -0.0144952815 -0.2808218 0.8345658 0.20431045
191 -0.83829844 0.13760348 0.79671866 -1.0135508 -0.970085
435 -0.5454219 0.16825117 0.73421085 -0.41720402 -1.0328312
486 -1.089111 -0.15598018 -0.27431685 0.5046139 0.27793372
864 -0.8049631 -0.35618287 0.7321878 -0.6446805 -0.66967165
517 -0.88698727 0.17260554 0.7622924 -1.0737772 -0.94051236
108 -0.94398123 0.13449058 0.8068525 -1.0781956 -0.8895117
980 -1.1527122 0.06116471 -0.38937932 0.69900215 0.36488384
84 0.2768283 -0.641162 -0.74791485 0.17863466 -1.0146812
578 -0.13898635 -0.24726173 -0.7567887 -0.73342884 -1.0063776
956 0.21045499 -0.79735124 -0.68917376 0.16032052 -0.91773546
705 -0.96775323 -0.116799705 0.5794224 -0.85115546 -0.59750754
58 -0.97245735 0.2823061 0.67292935 -1.1289362 -0.87387663
244 -0.2079877 -0.28839484 -0.7466138 -0.93124515 -1.0034946
1089 -0.9397928 0.2109934 0.81740916 -1.1142285 -0.9366053
1100 -1.280684 -0.27236512 -0.28168112 0.13739951 0.38376772
1208 -0.89285785 0.16677502 0.7979025 -1.1117799 -0.9622762
305 -0.9056697 0.3167503 0.7663365 -1.1064551 -0.9828782
994 0.32121074 -0.90023667 -0.29993817 0.16712661 -1.1293311
972 -0.9929854 -0.06908442 0.66885066 -0.9993104 -0.6801249
929 0.098848626 -1.2312977 -0.31195402 0.29630977 -0.73007303
428 -1.0235972 0.06541881 -0.16858135 0.44638026 0.10006013
9 0.0840508 -1.0397629 -0.5906123 0.01200494 -0.78863543
1181 -1.1019785 -0.20271966 -0.21964797 0.724085 0.34828177
1147 0.25751203 -0.78494704 -0.77586675 0.42722702 -0.85245854
1218 -1.0054082 -0.08864668 0.66533834 -0.9840621 -0.6537079
1081 0.15068097 -0.89602375 -0.5788303 0.2662319 -0.81123084
1098 -0.26675177 -0.6544501 -0.8319726 -0.1644235 -0.50100905
965 -1.2359698 -0.23981375 -0.41553804 0.37199807 0.4404547
333 0.28550804 -0.7730581 -0.5343256 0.376503 -0.9764722
914 -0.058922376 -0.5555818 -0.1611994 -0.013226007 -0.8936955
405 0.067792304 -0.8135425 -0.8100966 0.30692613 -0.662652
557 -0.03710801 -1.2326164 -0.15450378 0.026829304 -0.72200614
548 -0.45881864 -0.7592911 -0.48842585 -0.6239833 -0.52483284
237 -0.8723322 -0.23233125 0.96912104 -0.5033627 -0.6700546
1244 0.243931 -0.28866494 -0.5515499 0.03243946 -1.1919444
894 -0.816895 0.0348119 0.7433868 -0.8600567 -0.87171066
974 -0.94748694 0.0755074 0.72106564 -0.98179525 -0.78659636
168 -0.9585682 0.09199882 0.63197273 -0.76738477 -0.6562799
359 -0.7095201 0.023208689 0.52641374 -0.8782658 -0.9109502
406 -0.9610637 -0.023077281 0.7835017 -1.0627048 -0.80024767
1078 -0.8471932 0.031913016 0.7289771 -0.9715545 -0.8803266
967 0.113813326 -0.5787712 -0.53179264 -0.19202906 -1.046855
962 -0.29662597 -0.8590921 -0.4783915 -0.45820555 -0.61713254
88 -0.4736843 -0.8946072 -0.37291607 -0.6282681 -0.50537187
447 0.31630084 -0.67203176 -0.6058753 -0.018581433 -1.1692368
221 0.05558523 -0.59173816 -0.86558616 -0.26346692 -0.913325
218 -0.5052076 -0.9502656 -0.4203637 -0.66908944 -0.4601953
120 -0.8945166 0.04672829 0.77874714 -1.0350037 -0.88151735
764 -0.8461593 0.12768911 0.7226974 -0.92340904 -0.8898399
387 0.3159162 -0.7807367 -0.521664 0.18830343 -1.0831709
525 -0.27037162 -0.747471 -0.41795534 -0.55194163 -0.728904
964 0.17521575 -0.6232567 -0.66632974 -0.11866263 -1.0367979
280 -0.6357225 -0.45999956 1.1544898 -0.3156794 -0.8557092
105 -0.6118022 -0.3550328 0.48394778 -0.09884846 -0.58420366
282 0.082588956 -0.7002625 -0.53732973 -0.29236677 -1.0099034
677 -0.681118 -0.15729603 0.55558044 -0.72368985 -0.83239675
599 -0.87495834 -0.015061525 0.60371655 -0.83508444 -0.731614
1103 -0.98181725 -0.46771175 0.9059979 -0.8253437 -0.58629483
402 -0.5347251 -0.7403566 -0.60062325 -0.5456251 -0.3882077
12 -0.50399935 -0.4797545 1.0415945 -0.1438221 -0.8837506
13 -0.6421457 -0.1665578 0.55777764 -0.7040646 -0.86567307
542 -0.14369129 -0.67363846 -0.7027515 -0.20534083 -0.6778254
298 0.25463477 -0.7195498 -0.6781474 0.04862795 -1.0384723
885 -0.71849614 0.055351887 0.591725 -0.82750154 -0.9107514
176 -0.04991557 -1.0836122 -0.35090753 -0.06867253 -0.7201904
1217 0.17504394 -0.5351736 -0.5430626 -0.052312102 -1.0743691
1071 0.30683434 -0.72782177 -0.6468129 0.081649676 -1.0920246
949 -0.65331614 -0.7494587 1.3286352 -0.23219721 -0.7904649
1 -1.0241536 -0.5178812 0.97246695 -0.74531496 -0.5179357
1227 -0.7415987 -0.1525376 1.2133254 -0.51842344 -0.93740374
27 -1.0694495 0.22277284 0.34424603 -1.1652378 -0.647541
485 -1.1133581 -0.9620529 -1.3626847 -0.68880403 0.3699133
1061 -0.7763255 -0.3059645 1.3179556 -0.4809495 -0.8859137
1140 -1.1950134 0.054362845 0.1485867 -1.0666039 -0.35379276
375 -0.7472283 -0.31295934 1.2776111 -0.62672055 -0.95136964
1232 0.20044155 -0.5517807 -0.6973805 -0.058700677 -1.0575367
1222 0.13032083 -0.9669928 -0.4944497 -0.18268959 -0.9637467
1275 -0.1431942 -0.5602715 0.19484992 0.27010998 -0.809841
1210 -0.77268636 -0.20869927 1.5432914 -0.48525932 -1.0204314
952 -1.1125553 -0.43500233 -0.6310102 -1.1629286 -0.09832599
569 -0.5804174 -0.48824647 0.871703 -0.36981994 -0.81867486
2 -0.72887814 -0.5618679 1.156713 -0.33039045 -0.7330053
1269 -1.2611893 0.19914557 -0.49762934 -1.0497848 -0.12209192
1091 -0.79007715 -0.17054996 1.4320049 -0.53206694 -0.9824763
728 -1.0224481 -0.6328453 -1.0117145 -1.3315464 -0.119885795
827 -0.7303401 -0.36498356 1.2779689 -0.43203524 -0.8789744
1119 -0.5752155 -0.34269717 0.6665738 -0.24557303 -0.7482479
102 -0.7869232 -0.21116973 1.1579969 -0.4783078 -0.83212316
1012 -1.1570315 -0.90720946 -1.4616932 -1.0007145 0.29725885
164 -1.1443384 -0.59346515 -1.0241029 -1.3632219 -0.01759628
954 -0.3471413 1.2606615 0.22169888 0.75215566 -1.0490086
1029 -1.2093779 -0.5279371 -0.2280878 -0.7125392 0.08450684
284 -0.8401321 -0.8989293 -0.4071801 -0.42982912 -0.03491443
1088 -1.0936404 0.08609144 0.1448 -1.1076775 -0.47940594
753 -1.0705864 -1.0413803 -0.96175164 -0.6341613 0.29072964
624 -1.0496347 -0.9327154 -1.0894157 -0.58521235 0.28703237
846 -0.79026777 -1.7764723 0.6949296 -0.09614145 -0.09462078
661 -1.3303626 -0.9796787 -1.1622499 -0.63079864 0.56076807
1046 -1.1888962 -0.95958054 -1.6455334 -0.84935445 0.43281072
473 -0.99247205 -0.7397291 -0.7899393 -1.3150221 -0.16623142
404 -1.2166165 -0.905311 -1.6649779 -0.5588161 0.5565119
256 -1.2030783 -0.8916674 -1.8090717 -0.6389545 0.5347937
281 -1.0614339 -1.085931 -1.6716754 -0.79534507 0.367814
1048 -1.2059549 -1.093145 -0.45512027 -0.8459052 0.23811774
562 -1.1601046 0.09794542 0.17149541 -1.309765 -0.5095462
1219 -1.3724637 -0.06815366 -0.08995832 -1.8838 -0.41745883
1066 -1.1519902 -0.88046926 -1.7489145 -0.48939198 0.52427703
496 -1.2456862 -0.9840533 -1.2801745 -0.5263454 0.54845905
805 -0.39092404 -1.7975343 0.6579178 0.3705842 -0.34050864
461 -1.1327529 0.2983794 0.042916488 -1.6430067 -0.71019524
1129 -1.0120233 -0.8025219 -0.5325015 -0.5972651 0.08483196
826 -1.6733074 -1.1182985 -0.29586542 -1.0181509 0.58138156
462 -0.7212041 -1.6866158 0.46328837 -0.19401696 -0.14272258
817 -1.0676373 0.12256314 0.23857313 -1.6697758 -0.8094248
175 -0.385874 -1.7225963 0.5968029 0.17220517 -0.40621153
946 -1.1731489 -0.19387567 -0.1888686 -1.6498938 -0.44065326
1132 -1.551859 -1.1386884 0.24801324 -1.1511642 0.26384947
689 -0.46380675 -2.0090747 0.858866 0.49798748 -0.25172696
858 0.3892927 -1.0095072 -0.97690594 1.2882087 -0.6090558
1182 -0.40376404 1.7492733 -0.33813506 1.5518055 -0.74741024
459 0.47304547 -1.2127951 -1.0951005 1.4597205 -0.5750601
950 -1.0427767 -0.07969644 -0.005383571 -1.6824307 -0.68598366
1231 0.48489282 -1.1887604 -1.0125691 1.328083 -0.6547176
909 -1.0417837 0.057172 0.00039945927 -1.3886352 -0.6030384
109 -1.4599038 -1.295025 -0.078120284 -1.373746 0.21973866
464 -0.54847085 -1.737186 0.8172675 -0.036847595 -0.38106543
1075 0.35263416 -1.1617546 -0.99987894 1.2125113 -0.5510564
107 -0.382401 -1.9821872 0.7261042 0.24591057 -0.38131198
383 -0.33174402 -1.9860848 0.71709955 0.08347157 -0.48291245
1076 0.46059012 -0.8897296 -0.9910767 1.4365423 -0.6690843
1235 0.51367426 -0.8347944 -1.4255701 1.6315795 -0.5868658
1230 0.571894 -1.3098654 -1.4456165 1.5136836 -0.5694184
833 -0.69558585 -0.308312 -0.13178322 -0.37229693 -0.40554065
1233 0.33940527 -1.1440871 -1.330488 1.3551037 -0.40892172
1094 0.2869165 -1.0642371 -1.3043338 1.2067839 -0.4236478
331 -0.44583344 -1.0450467 -0.16110739 -0.16483527 -0.37930235
1271 -0.49070254 -2.591455 -0.17849597 -0.06479142 -0.012188679
1226 0.46570063 -0.87659335 -1.4778533 1.5521481 -0.5278547
1120 -0.37887368 -1.8784766 0.41842484 -0.5567078 -0.5850904
1087 -0.30211467 -1.5391666 0.35072088 -0.67935413 -0.7707251
8 -0.43230915 -1.8010929 0.3511801 -0.83239776 -0.6285695
1162 -0.5862207 -1.4483076 -1.0185717 -0.40066165 0.0031221819
1229 -1.8192233 -6.618333 -1.062737 -1.9260124 -0.079468526
1228 -1.7010623 -6.393704 -1.2163705 -1.7752582 -0.026687877
7 -0.49992117 -2.2408988 0.516183 -1.5449783 -0.85770637
6 -0.66381615 -2.135543 0.48054904 -1.1361898 -0.49497935
11 -0.9321136 -1.9434844 0.67426914 -1.4620912 -0.45042703
1277 -0.88554275 -1.5762985 -0.111263774 -0.6432162 0.018884461
199 -1.3063314 -1.8787576 0.4152189 -1.7201623 -0.10171574
1245 -0.0127562005 0.6518049 -0.014788447 -0.12372823 -1.4329851
1267 -1.6392822 -5.72783 -1.0178747 -1.7303578 0.030788323
