1284 5
281 -0.0981281 0.14879459 -0.20688958 -0.9448377 0.24561985
1103 -0.12853096 0.27759647 -0.21523288 -0.9352582 0.18289411
164 -0.16349016 0.23773044 0.004357464 -0.9101626 0.023306495
1061 -0.009748457 0.31017438 -0.24609023 -0.91102433 0.18944047
300 -0.118597105 0.21805906 -0.23451807 -0.9453788 0.13421886
363 -0.004854256 0.24692242 -0.082761854 -0.8910315 0.05885801
920 -0.0704405 0.31059754 0.082482204 -0.8677426 -0.08371237
1242 0.24251081 0.023997962 -0.18207581 -0.8882587 0.27268302
375 -0.013376288 0.10786055 -0.0037344587 -0.89707613 0.26221982
560 0.11673096 0.31340963 0.11588756 -0.82203394 0.036592107
626 0.034116518 0.21313715 -0.2336483 -0.9148183 0.09061507
1026 0.0516341 0.32865888 -0.20583162 -0.88791335 0.25987905
113 0.14325856 0.35141465 -0.22270931 -0.8694204 0.25456238
1132 0.12568471 0.27137503 0.21480182 -0.8111851 -0.14331405
813 0.14178544 0.34883383 0.040989455 -0.82373965 0.13903923
565 0.108482875 0.30999318 0.30169865 -0.79451156 -0.15957294
514 0.19079897 0.3888227 0.2946435 -0.76552564 -0.012134468
640 0.16487534 0.13778144 0.12846436 -0.8331777 0.23869956
737 -0.04525291 0.06794646 -0.015615973 -0.9112478 0.24763745
669 -0.04370386 0.27968544 -0.02538412 -0.8843246 0.054377656
277 0.07088254 0.16474074 0.13419583 -0.84774595 0.18850267
1023 0.13849084 0.31924462 0.06434827 -0.8252425 0.09266815
1266 -0.16472824 0.2504117 0.2991621 -0.8637944 -0.4251223
215 0.28044987 0.1468096 0.24049202 -0.7920398 -0.045252778
922 -0.2453099 0.14859663 0.1025105 -0.9238253 -0.0833745
888 -0.07207798 0.15581368 -0.12421301 -0.9230283 0.29581493
891 0.15957485 0.2749687 -0.16577153 -0.86776036 0.13112828
124 -0.065741606 0.059701942 -0.16592431 -0.9435175 0.31491733
410 0.14085856 0.11912247 -0.12607585 -0.88572776 0.20007958
679 -0.061912812 0.24459478 -0.01414269 -0.8896248 0.17217049
659 0.20615451 0.035053752 -0.31357077 -0.917987 0.27993345
728 -0.005004641 0.21400379 0.00091760536 -0.8794261 0.1706934
1058 0.07370288 0.055735923 0.043655165 -0.8784553 0.20752147
473 0.069153726 0.29571456 0.014995353 -0.8536894 -0.10085118
286 -0.039755743 0.40072152 0.076819494 -0.8538503 -0.34352183
38 -0.06940058 0.20456325 0.11924287 -0.8754722 -0.011620601
690 -0.07988896 0.24335524 -0.07282529 -0.90389246 0.21769731
1046 -0.04851923 0.05029705 -0.26963243 -0.96080357 0.22798248
54 -0.0113700675 0.31188455 -0.032300603 -0.87309 0.16005583
598 0.13543019 0.3844572 -0.18223567 -0.8595543 0.15509301
1012 -0.0058898227 0.54836214 -0.3691566 -0.89873457 0.20158534
320 -0.09609352 0.116877295 0.07056334 -0.9004294 0.13195714
46 -0.0071533304 0.22311886 -0.06071816 -0.8901617 0.12320088
820 -0.18956 0.27649984 -0.032724597 -0.91634613 0.044870753
74 -0.10672522 0.20722994 0.105487764 -0.8829565 0.18383266
398 0.12502475 0.24221952 -0.16975705 -0.88166577 0.007130951
371 0.023273522 0.42794195 -0.025210442 -0.8492836 0.052433226
417 0.22732012 0.42922515 -0.32486445 -0.8589752 0.28955638
803 0.0628562 0.33555603 0.2862138 -0.79938006 0.09291725
1227 -0.025862038 0.25735933 -0.014777035 -0.88114464 0.11038922
668 -0.1830244 0.14399391 -0.029186916 -0.9342825 0.002987066
592 -0.25461948 0.14473562 -0.083295956 -0.95734966 0.0494652
340 -0.14831753 0.17540675 -0.23635812 -0.95837533 0.026715107
863 0.086306706 0.25542724 -0.21437345 -0.895649 -0.0036623992
213 0.0007444988 0.6243469 0.11248556 -0.8061214 -0.21441077
840 0.05324612 0.21202318 -0.027841369 -0.87273204 0.2280894
564 0.108711824 0.26812634 0.12572697 -0.82711697 0.13306311
139 0.11556119 0.26985833 0.20424782 -0.81705487 -0.25014216
57 0.08681474 0.16718204 0.17719361 -0.83804005 0.078893095
199 -0.083672546 0.29286656 -0.083058186 -0.89875346 0.24077281
82 0.30924132 0.16542476 -0.17506386 -0.85468274 0.110294566
796 0.41928467 -0.036855992 -0.18557025 -0.86371946 0.13408609
226 -0.12971336 0.09380877 0.24520537 -0.8781214 0.44874996
412 0.026067361 0.17999743 -0.07900243 -0.8910838 0.32417947
238 -0.03729115 0.15820006 -0.2111189 -0.9332865 0.10353424
220 0.17840543 0.23424128 -0.29900077 -0.890813 0.41814905
245 -0.014034798 -0.05741423 -0.3373851 -0.9815059 0.22495614
674 0.052221492 0.13424413 0.042937472 -0.87290454 0.102621675
1210 -0.069978856 0.29751837 -0.0807057 -0.8944996 0.33320656
1010 0.08731625 0.121447496 0.2745651 -0.8285163 -0.009284574
1197 -0.0496639 0.10331955 -0.17707036 -0.935171 0.3751662
498 0.2307099 0.23945983 0.476502 -0.75100935 -0.20942526
148 -0.014571594 0.103413515 0.13576244 -0.8744781 0.107934535
131 0.11635023 0.036106765 -0.12694421 -0.90434605 0.054572605
341 0.20782293 0.45639622 0.096652314 -0.78794557 -0.041463282
272 -0.043646436 0.18773663 -0.10570732 -0.9124495 0.019898498
1074 0.23149702 0.29273668 -0.08805381 -0.8395724 -0.10776949
1269 -0.31146494 -0.024046557 -0.14786178 -1.0039304 0.24458805
949 -0.10802146 0.23591802 0.17270319 -0.8706502 -0.09971896
1018 0.043722987 0.3868165 0.07846523 -0.8330375 0.051487178
1118 -0.20896052 0.112950206 -0.22438858 -0.97654486 0.23876815
1054 -0.05701137 0.21425249 0.058011033 -0.8812496 0.04246757
427 -0.047843847 0.4700187 0.18653007 -0.82171226 -0.008236173
1124 -0.14048412 0.33674312 0.10019143 -0.87308097 0.12854517
119 0.16394182 0.12435604 -0.09252295 -0.87630236 0.020470263
1040 0.10214222 0.32006958 0.14796609 -0.8169248 0.15664952
830 0.20435996 0.3535136 0.114463046 -0.7994889 -0.018421693
437 0.2083558 0.353603 0.20413738 -0.78629184 -0.22717462
171 0.030509196 0.24241321 -0.013274768 -0.86933815 0.33615184
414 0.03292782 0.1463242 -0.04966152 -0.89017546 0.22536764
775 0.0714306 0.16070493 -0.34641498 -0.9350268 0.10849838
503 0.058835965 0.19441028 -0.2184823 -0.9075174 0.28882766
1004 0.040568214 0.5375118 0.15024815 -0.8021734 -0.13465327
1 -0.19951092 0.29831672 -0.032760795 -0.91381204 0.15128812
1188 0.06169026 0.22284837 0.1568775 -0.8424624 -0.20979507
616 0.1763455 0.22669253 0.10162827 -0.82399845 0.08655524
25 0.06877194 0.11004887 0.083876915 -0.86941576 -0.16201547
827 -0.072678074 0.15954183 0.09918911 -0.8846978 0.09057446
781 0.10720163 0.4009161 0.117461585 -0.8100104 0.13966908
619 0.051751208 0.49301985 0.21496068 -0.79185635 0.083624184
1114 -0.15939996 0.19312276 0.20690705 -0.87802184 0.1924662
1121 0.06257808 0.23056385 -0.05481692 -0.8721599 0.31929904
43 0.2736236 0.21621326 -0.09779578 -0.84062874 0.13833393
841 -0.071609706 0.17123264 -0.09416545 -0.91757166 0.06752091
182 0.28676525 0.22743276 0.0894382 -0.8071176 -0.14843191
658 0.32618517 0.04343224 -0.051858656 -0.84589314 0.24256162
1268 0.002727476 0.073318765 0.23456246 -0.8567944 0.21080421
611 0.2885991 0.16824447 0.06609864 -0.8162783 0.048997454
161 0.11956088 0.27002135 0.09653882 -0.8314303 -0.010114064
900 0.013128711 0.008236586 0.29794204 -0.85426915 0.1534361
163 -0.0018653895 -0.030648014 -0.22590417 -0.9547438 0.27849686
983 0.26385674 0.29507735 0.22585754 -0.7754009 0.063256465
610 -0.013387064 0.08858201 0.087890215 -0.8848593 0.12920415
1091 0.08215012 0.5956449 -0.07598372 -0.8222412 0.06614043
540 0.21495345 0.151356 -0.11674101 -0.86521727 0.13460113
16 0.0027761743 -0.009029083 0.23573057 -0.86902547 0.19768411
1086 0.16680881 0.04851034 -0.33242655 -0.92961824 0.093209326
695 0.011965345 0.16868813 0.18578883 -0.85094136 0.13110559
739 0.305094 0.06820698 -0.0927882 -0.8551292 0.093185894
586 0.14043614 0.39199862 0.09874751 -0.81121 -0.1515919
924 -0.11030241 0.33320138 -0.030647106 -0.8903394 0.11111731
416 0.09094032 0.1629579 0.14555252 -0.84412056 0.003281844
702 0.05666801 0.14016443 0.31315815 -0.82489073 0.035440966
808 0.14582832 0.21471326 0.21483134 -0.8125089 0.089513205
425 0.1075571 -0.01592164 0.036523387 -0.8850528 0.101193726
666 0.16450904 0.2686593 0.24317664 -0.7991381 -0.13563728
132 -0.26707077 0.2747948 -0.15255216 -0.95433575 -0.019678267
1131 0.16922714 0.07626751 0.016715687 -0.86073405 0.24719033
111 0.0014361622 0.14382155 0.11115419 -0.8684453 0.24742275
268 0.1376589 0.32578123 0.09678642 -0.8219827 -0.14402854
846 -0.14765596 0.34323782 -0.006141579 -0.8938113 0.0033668878
749 0.09975011 0.07438091 -0.11719951 -0.8978128 0.3484148
1160 -0.029570887 0.4419739 0.18674079 -0.82468086 -0.21454416
879 0.07135951 0.38380402 0.13577393 -0.81884533 -0.0337088
335 0.0025046081 0.19166018 -0.03516993 -0.88853586 0.122295156
874 0.31193107 0.20575725 -0.0033986906 -0.81792945 0.09654225
1211 0.16637741 0.27753633 -0.015551712 -0.83856577 0.14394082
789 0.26762185 0.12465617 -0.35790536 -0.90203774 0.14209132
109 -0.12706318 0.12324734 -0.29695937 -0.9699081 0.36805654
261 -0.2604947 -0.030597527 0.060318016 -0.95870495 0.100895464
505 -0.017735023 0.12856 0.015833335 -0.8925855 0.11477715
915 0.10766167 0.07708457 0.24974807 -0.8317842 0.33708704
80 0.20432732 0.062970676 -0.16402434 -0.8888536 0.14568818
50 0.060118925 0.5037739 0.3495074 -0.76636463 0.023022896
824 -0.06662433 0.220013 0.22815852 -0.85214794 0.110248074
575 -0.24051693 0.34321555 -0.11673473 -0.9329466 -0.0045721056
910 0.1711318 -0.023782376 0.14956555 -0.8517198 0.24750382
469 0.39380708 -0.021679083 0.28008065 -0.78277886 0.3249141
117 -0.034685556 0.022829114 -0.10565268 -0.9320377 0.21273492
725 0.051210698 0.29694667 0.05012018 -0.8474369 0.23846833
328 -0.27074885 0.5069 0.112012774 -0.8746487 0.08263716
1000 0.12613301 0.40397352 -0.056851793 -0.8395574 -0.13086839
993 0.014955772 0.2857288 0.15517163 -0.8410909 -0.08000445
747 0.112299085 0.015125597 -0.09682332 -0.90129423 0.22013484
596 0.11159901 0.102738984 -0.003594064 -0.8740393 0.07181729
1198 -0.16825183 0.22696845 -0.0128923515 -0.9141612 0.17267603
1207 0.24035138 0.45673072 -0.049580168 -0.8066603 -0.02713459
783 -0.20102286 0.2863544 -0.20395459 -0.9472879 0.08089777
1221 0.22053908 0.22837237 -0.11291557 -0.85170734 0.22299802
1065 0.11796635 -0.0052495645 0.03246285 -0.8791444 0.36915204
287 0.059188254 0.13678797 0.13139084 -0.8560061 0.08549656
1133 0.080076806 0.03096519 0.24077682 -0.84653944 0.19944976
776 0.30570707 0.45112234 -0.09285127 -0.800193 0.08809123
1035 0.14738335 0.18663886 0.1826977 -0.8198202 0.27199733
1192 0.2006645 0.2569385 0.01938066 -0.8279101 0.18276064
717 0.3916322 -0.19110468 0.2142503 -0.8204053 0.21468754
355 -0.14230154 -0.031079877 -0.282475 -0.99488366 0.17576514
323 0.24761131 0.3026074 0.17050277 -0.7901223 -0.1555633
614 0.16398738 -0.07201811 0.3129822 -0.83150864 0.29240432
921 -0.11266362 0.07770945 -0.02028144 -0.9244669 0.29218936
450 0.037319902 0.112218626 -0.043723736 -0.89330465 0.16062467
2 -0.20907453 0.1320687 0.14452581 -0.9099867 0.010321122
488 0.21834892 -0.052787956 0.16561693 -0.8436142 0.21903397
269 -0.14400418 0.075221024 -0.1948842 -0.96360075 0.16392966
1013 0.17312737 0.11834147 -0.023237167 -0.861911 0.117740154
664 0.19721217 0.13513568 0.14362763 -0.826187 0.03725411
942 0.045753073 0.14577052 -0.23776695 -0.9222371 0.14673118
1092 0.4505562 0.3282552 0.27729383 -0.7291026 -0.25291705
56 0.23277996 0.57060796 0.15451892 -0.76070327 -0.30863824
515 0.2026894 0.34046358 -0.16871883 -0.85143065 -0.0077037294
1272 0.17468157 0.18634658 -0.0077110385 -0.8482512 0.21331668
1259 0.021943657 0.07997604 0.0147165395 -0.891646 0.16593207
762 0.2026538 0.3771897 -0.4338428 -0.89345145 0.015472309
1138 0.3010773 0.32127348 0.067612946 -0.79002476 0.18427376
1107 0.027572727 0.34545994 -0.11851081 -0.8762732 0.095599346
394 -0.102881856 0.07899577 0.19610342 -0.88351816 0.3519189
228 -0.031237712 0.18787365 -0.04130225 -0.89504164 0.3073455
157 -0.05161378 0.31551227 0.012611355 -0.8759644 -0.09764314
136 0.15530865 0.40913972 -0.23471826 -0.8619567 0.093383
1141 0.31702352 0.32754558 -0.14793369 -0.82433003 0.19511174
1003 0.2482845 0.16839169 0.22481452 -0.7972768 0.04852838
442 0.07032361 0.4792315 -0.15415819 -0.8546962 0.1615852
697 0.15653528 0.10881792 -0.12389031 -0.8857796 0.013554633
1041 0.006543573 0.23318323 -0.19188051 -0.90991485 0.06413135
310 -0.09011726 0.2139218 -0.28773656 -0.9498901 0.08869709
896 0.23972721 0.48793948 0.13713689 -0.7729556 -0.26588297
794 0.003850795 0.23474772 0.012513183 -0.87468415 -0.030873196
838 0.018991493 0.13316655 0.038695615 -0.8799956 0.1150887
1204 0.16175067 0.29370365 0.07687072 -0.82396746 -0.053138174
283 0.11864229 0.5780606 0.04994546 -0.7945888 0.16423053
649 0.13290966 0.10012661 0.07189824 -0.85431343 0.34376642
617 0.013620658 0.4214466 0.08295026 -0.83354586 0.06691045
114 0.2416505 0.19226022 0.38205865 -0.7686 -0.02076554
853 0.15201099 0.44872066 0.16188116 -0.7879034 0.0037955693
24 0.17590803 0.16701987 0.0606666 -0.8414751 -0.04184603
899 -0.052304234 0.49477065 -0.25336775 -0.8989116 -0.13984093
1130 0.12518574 0.11412257 0.22097644 -0.82769996 0.33929765
1260 0.22725494 0.22036608 -0.064901896 -0.8425694 0.24897322
656 0.091830485 0.47272938 0.13586472 -0.8028258 -0.09358196
822 0.17009561 0.123030424 -0.17807081 -0.88979954 0.11840082
190 0.13288316 -0.014856707 0.077679396 -0.87336475 -0.015856463
1246 -0.033120725 0.03672692 -0.0763202 -0.92441803 0.2366805
1196 -0.062245972 -0.007393732 0.061244268 -0.9111207 0.40069145
130 -0.24175696 0.3190342 0.19617614 -0.8806918 0.048697665
780 -0.028255854 0.06273389 0.104340106 -0.88877743 0.13737613
532 0.16314109 0.038364395 -0.12918213 -0.89512223 0.0950222
667 0.450782 0.06830863 0.17108011 -0.77670443 0.31261572
608 -0.23347546 0.26307866 -0.07313477 -0.93235886 0.30892515
761 0.18016115 0.4514831 0.05394793 -0.803111 -0.12440664
844 -0.021785052 0.29335117 0.12554361 -0.8500221 0.16927059
232 0.09601955 0.13731422 -0.08972425 -0.8859977 0.19061267
630 0.30649674 -0.022530792 0.29235995 -0.8034341 -0.09101703
1001 -0.01081056 0.31103793 0.17823334 -0.83625674 0.12853706
44 0.2171616 0.42804605 0.1747877 -0.7746949 0.072835945
699 0.15694875 0.10032639 0.23749758 -0.82255256 0.06911418
389 0.010476993 0.45350632 0.25704083 -0.8026535 -0.22321717
594 0.36143506 0.5291703 0.24331015 -0.72405034 -0.2477343
383 0.52992237 0.042908385 -0.03770478 -0.80851513 -0.22554299
184 0.06583272 0.21601242 0.18701291 -0.83855987 -0.29238605
1085 0.17269418 -0.037563328 0.04635088 -0.87127 0.2434625
71 0.26450637 0.14883465 0.2060321 -0.8000157 0.060087584
166 0.30706877 0.27747312 0.11494455 -0.78716505 0.16207685
249 0.061487608 -0.047348622 0.07289312 -0.8892052 0.3890124
1146 -0.03585577 -0.038320486 0.16315605 -0.89344764 0.24785978
1033 0.11709299 0.13974078 0.0999223 -0.84866023 0.12651612
609 0.0056078667 0.29276952 -0.29982132 -0.91914934 0.32503542
1254 0.26229823 -0.15136068 0.33158013 -0.81922024 0.32219955
1163 0.2222415 0.117856726 0.21990158 -0.8073464 0.3682219
448 0.2176112 0.31712174 0.19008128 -0.7899178 -0.08990621
316 -0.13940413 0.06827225 -0.09127786 -0.94712657 -0.019078447
862 0.013558757 0.3732158 0.39389983 -0.78690803 0.016767625
823 0.011018299 0.28860626 -0.12938797 -0.8899716 0.10894857
512 -0.0847094 0.62245476 0.3818862 -0.77834177 -0.2689849
61 0.02692606 0.14289066 -0.0624053 -0.8940305 0.26031503
307 -0.06488664 0.032301597 0.16565359 -0.8873484 0.3937235
236 0.28622594 -0.06676345 0.089529105 -0.8460349 0.15266758
1127 -0.076239094 0.09492803 0.14198013 -0.88697445 0.12683319
795 0.061510246 0.4062913 0.33660078 -0.7866697 -0.26634008
814 0.0071851662 0.24688825 -0.09037344 -0.89084995 0.028835392
815 0.20793588 0.06730518 0.05063113 -0.8456621 0.5270881
1113 0.16974708 0.20605087 0.43340206 -0.7713114 0.09177772
1057 -0.016998332 0.3735037 0.17110431 -0.8304519 0.087632336
835 0.3072611 -0.13639793 -0.2927737 -0.9223816 0.0025730375
297 -0.096746154 0.16393751 -0.18931437 -0.93998265 0.15217838
638 0.34405738 0.10421636 0.25881428 -0.77814937 0.29598477
769 0.26450503 0.17281674 0.17310862 -0.80142385 0.0671279
106 0.14249347 0.62290365 0.23418511 -0.7579612 -0.333042
1005 -0.1778006 0.03600674 0.139391 -0.91501963 0.38350087
745 0.023279352 0.13613929 -0.045836475 -0.8934939 0.16777664
292 -0.0013734993 0.4267385 -0.023313535 -0.85267264 0.22045085
34 0.39518052 0.3469803 0.3637446 -0.72138226 -0.14971788
1099 0.14685597 0.17356478 -0.25993955 -0.9009823 0.1619381
734 0.00030834385 0.13750182 -0.09236515 -0.90657175 0.15364584
509 0.19457448 0.16857146 -0.2524423 -0.89589864 -0.17916071
1265 -0.061343767 0.04445441 -0.079337716 -0.9291904 0.29239535
590 0.23969601 0.37637568 -0.09424849 -0.8263257 -0.0452925
207 -0.03216121 0.24284749 0.17832056 -0.85211617 0.018672451
547 0.20582083 0.04982903 0.112079665 -0.8386125 0.44061
1151 0.09689133 0.52951884 0.18149924 -0.78556246 -0.09446484
925 0.28737462 -0.06739222 0.27549225 -0.81498224 0.016448854
360 0.2678171 0.055505127 0.20097423 -0.81139493 0.23709588
420 0.0792532 0.19537999 0.26821864 -0.8222962 -0.12278622
928 -0.14778697 0.028194107 0.25548136 -0.89344364 0.002092406
393 0.27124333 0.31791312 0.030193318 -0.80322254 0.15808386
675 0.51937646 0.16946314 0.16354676 -0.7492809 0.4351009
1158 -0.04830689 0.6695799 0.23059042 -0.7893883 -0.23348017
1043 -0.11050698 0.041530997 -0.15116273 -0.9528344 0.23626013
198 0.14484464 0.09238587 0.036913346 -0.8583426 0.34191594
878 0.010449767 0.109943956 0.23637928 -0.8511498 0.053731006
428 0.22592685 0.038310684 -0.09201247 -0.874822 0.16280606
557 0.43426546 0.38820192 -0.18074226 -0.803861 -0.25382024
1135 0.23357417 0.21561591 -0.006078329 -0.83506393 -0.043111354
121 0.15448315 0.054201573 -0.14328638 -0.89615923 0.14841525
201 0.40380067 0.39342293 0.23556581 -0.73047066 0.17633048
348 0.0648484 0.15206632 -0.19064674 -0.90763456 0.26788458
538 0.047379438 0.15217662 -0.031575736 -0.88215655 0.37586087
1195 -0.36482695 0.3530092 -0.06625845 -0.9476636 0.03563678
829 0.22435315 0.8095061 0.09292535 -0.7390872 -0.24532095
258 0.18087609 0.16098684 0.27326792 -0.8028981 0.060286097
419 0.2673264 0.26923546 0.054394316 -0.8078748 0.06971282
756 0.31968823 0.32999122 0.061188374 -0.78797877 0.039379247
257 0.052889805 0.11433973 0.407207 -0.81145847 0.16682966
376 -0.014498993 0.3796219 0.30453044 -0.8097995 -0.22302224
229 0.34468564 0.07610816 -0.093456425 -0.8441055 0.28141728
807 0.30721188 0.20216504 0.35407823 -0.75660986 0.16343598
147 0.09151672 0.28168413 0.16616441 -0.82648563 -0.21111071
318 0.11286373 0.13838984 0.051516358 -0.8578222 0.14362307
493 0.2814129 0.12024587 0.1466901 -0.8065533 0.5263753
235 0.17555386 0.55745625 0.25124902 -0.752868 -0.025130639
452 0.27483228 0.11490583 0.010338461 -0.834031 0.34083554
160 0.27407765 0.47388136 0.306873 -0.7385093 -0.2274586
723 -0.22039942 0.24796702 0.17969035 -0.8907149 -0.06069694
969 -0.039752763 0.11169805 -0.13973096 -0.9284034 0.036163144
701 0.055807985 0.5480979 0.16491486 -0.7962695 -0.21485767
1117 -0.20789225 0.09260598 0.26811013 -0.8957762 -0.12435662
758 0.010498365 0.26226652 -0.09467511 -0.8874338 0.09328135
94 0.33120903 0.2938703 -0.1434848 -0.8270446 0.042650867
196 0.42282557 0.0734729 -0.088992186 -0.8309116 0.014302425
1059 0.11970313 0.16017315 0.02431192 -0.8563454 0.35422486
678 -0.039055157 -0.091586344 0.41768888 -0.8586146 0.18605779
671 0.21955328 0.043828614 0.27545458 -0.80971754 0.24321315
1216 0.23131691 0.19358046 -0.02200827 -0.8411347 -0.04333499
133 0.3767636 0.36374307 0.16152085 -0.7547353 -0.0053530307
256 0.08064822 0.12936829 -0.095783204 -0.8925855 0.057858992
105 0.04035981 0.041640747 -0.28296158 -0.9510668 -0.15302639
1200 0.30852577 0.18301472 0.1542523 -0.7933221 0.19942385
439 -0.060455646 0.1969383 0.03556235 -0.8886131 0.1077895
1049 0.06635416 0.03220099 0.014310135 -0.88828766 0.2652559
317 0.23112777 0.44473416 -0.019740101 -0.8051265 -0.053550877
663 -0.055932235 0.24020016 -0.16408442 -0.91972566 -0.14043428
252 0.03043876 0.5070487 0.34627315 -0.77398205 -0.13058299
651 -0.029466253 0.078059524 0.084448874 -0.8898988 0.15733607
1187 0.063572824 0.52421814 0.17398185 -0.7960876 -0.18588047
871 -0.24833395 0.24776454 -0.093643986 -0.94347924 0.051712986
1170 0.3329908 0.74976355 0.40899566 -0.6708672 -0.21510293
1129 0.05121512 0.106791355 -0.39696348 -0.9561999 0.14640419
881 0.07082003 0.16060019 0.4296976 -0.79763293 0.15331715
634 0.1318153 0.1487609 0.15334426 -0.8352783 0.107702315
1166 0.17161134 0.49008274 0.3882447 -0.7409626 -0.13782942
987 0.17186925 0.43367466 0.48634192 -0.7352465 -0.2875471
10 0.0866128 0.12590094 -0.12440553 -0.8967223 0.11181552
49 0.59611636 0.25135374 0.32346427 -0.7003723 -0.10495652
466 0.2175997 0.13626319 -0.19461894 -0.8815457 0.052972954
889 0.27004376 0.30016598 0.2619343 -0.76605517 0.18863435
937 0.107353196 0.1480879 0.08578589 -0.8511576 0.19932894
31 0.006152009 0.34662813 0.20053439 -0.8261345 -0.042429373
208 -0.21122752 0.055951297 0.15085964 -0.92169625 -0.08828379
533 0.15386443 0.2971173 0.18642913 -0.8035481 0.09417727
748 0.32749972 0.18919408 0.02449344 -0.8116066 0.1129777
241 -0.15135016 0.034426395 -0.075638436 -0.949064 0.20996815
430 0.029487435 0.3764562 0.11800758 -0.8289951 0.19432288
765 0.17618896 0.16279747 -0.062587924 -0.8618801 0.16633222
449 0.17087634 0.37589186 0.27356306 -0.7731745 0.17294039
1070 -0.042766742 0.50971776 0.09867507 -0.8342809 -0.2878427
999 0.17258693 0.3503351 0.3394024 -0.7670684 0.01350771
818 0.0851302 0.38557494 -0.045057736 -0.84595984 0.07319782
1157 0.17124076 0.035632946 0.24998899 -0.82781106 0.021996688
197 0.1781177 0.23567945 0.0007424525 -0.8405093 0.0704147
1177 -0.053303704 0.35634226 0.14475127 -0.84715444 -0.09143188
1111 0.16924916 0.09673316 0.13585374 -0.83983463 -0.026822984
1193 0.1565386 0.36369088 -0.050114565 -0.836618 -0.015246958
48 0.02698932 0.16132787 0.37765083 -0.8159501 0.09972772
87 0.0031704218 0.16339536 0.29280007 -0.83402854 0.21741678
1100 0.0044695707 0.4673583 -0.03607078 -0.8483562 0.18719433
873 -0.04394483 0.12834984 -0.015005947 -0.90301585 0.20308225
541 0.40956846 0.18904962 -0.114787295 -0.8200829 0.16328587
707 0.12459098 0.027716901 4.0501018e-05 -0.8796651 0.2455658
872 -0.010563539 0.020405417 -0.14938879 -0.9350435 0.24881226
77 0.11679556 0.22791736 0.18439642 -0.820555 0.2064552
500 0.36126834 0.031452045 -0.022408152 -0.83519006 0.21563366
70 0.05777946 -0.11681926 -0.04875198 -0.92529476 0.078983344
711 0.15168971 0.21218039 0.005010399 -0.8486159 0.064165294
648 0.1032491 0.2199735 -0.023543047 -0.86162347 0.13302447
53 0.16856937 0.40655303 0.22018342 -0.7832903 -0.1765774
684 0.23830006 0.39919958 0.042220544 -0.8027321 -0.28997403
478 -0.079472676 -0.095312744 0.03492794 -0.9421778 -0.34995395
521 0.07771294 0.012052589 0.21402733 -0.85498273 0.16156213
735 0.20497954 0.21917513 -0.06229218 -0.8469529 0.17731611
513 0.49228734 -0.010258555 0.30803946 -0.7573859 0.20102766
495 0.455227 0.34433466 -0.043024704 -0.78123313 -0.23402011
629 0.3224913 0.4918454 0.23064058 -0.73572433 -0.044409316
107 0.4466637 0.13468474 -0.37812018 -0.8701972 -0.032173444
741 -0.07333986 0.13957728 -0.06611405 -0.9174265 0.10504899
349 0.24147704 -0.024456901 0.23846209 -0.8205782 0.31088886
607 0.07054449 0.1184348 0.012376175 -0.8774 0.045282256
30 0.29242584 0.10531989 0.18636423 -0.79973584 0.51321137
1201 0.037361275 0.11518885 0.093237765 -0.8683432 0.2614606
719 0.3761729 -0.07427491 0.4423443 -0.76718694 0.21730973
336 -0.014971808 0.23540305 0.042201612 -0.87065446 0.22470193
1236 0.14962298 0.35934457 0.18230183 -0.7957322 0.18408243
1191 -0.082020834 0.44068658 -0.09549933 -0.8827909 -0.04819289
601 -0.14831369 0.18122089 0.2466736 -0.8711185 0.128463
774 0.2210112 0.4822441 -0.00078133645 -0.7971472 0.06489065
291 -0.18172975 0.17487048 0.23225047 -0.8823575 0.07072449
998 0.10079118 0.09854667 0.35025975 -0.81615126 -0.037370894
710 0.13494489 0.17031683 -0.08910465 -0.876176 -0.03392126
897 0.26117963 -0.073391795 0.34895587 -0.8043653 0.40956706
1056 0.14765029 0.40763187 0.50015044 -0.73872733 -0.14791517
301 -0.1337305 0.03749081 0.32358167 -0.87446135 0.25208142
722 -0.054276552 0.1929476 0.08849483 -0.8772538 0.20117025
700 -0.19984788 0.07007889 -0.098495744 -0.9605835 -0.01742177
1122 0.21846825 0.22556394 -0.06277601 -0.84210426 0.3857736
627 -0.08704236 0.1777433 0.07166724 -0.88873875 0.2700449
673 -0.07737544 0.25264424 0.28981918 -0.839291 0.13937001
1106 0.2996263 0.70654625 0.17149423 -0.7221806 -0.120500796
597 -0.04031821 0.28226495 0.28154388 -0.828643 0.11815065
613 0.45720685 0.3358661 0.026148126 -0.76712734 -0.06942152
1080 0.2841366 0.4798176 -0.0510729 -0.79303974 0.103984915
1039 0.16032414 0.085661024 0.17368704 -0.83270484 0.2929924
661 0.06945443 -0.023363978 -0.0938714 -0.9150014 0.20956933
790 0.049210828 0.2566047 0.45711282 -0.7858382 -0.03828661
832 -0.04883641 0.43913662 0.32265046 -0.8042371 -0.13152066
1185 0.09222591 0.1255872 0.46216103 -0.79615206 -0.097662546
615 0.34031987 0.41121432 -0.12370629 -0.81001794 -0.2787435
1134 0.06729124 0.15794854 0.15332104 -0.8448887 0.3031821
240 0.086817965 0.18728414 -0.11517348 -0.8865637 0.063124165
583 0.3538177 0.26016006 0.12061508 -0.7830592 -0.12861507
834 0.32276562 0.0138470465 0.31465414 -0.7867145 0.21973166
251 0.16002059 0.059156433 0.080866374 -0.8548323 0.10728609
1009 0.07711495 0.18877295 -0.18183173 -0.89859575 0.19517134
36 0.21988845 0.25298148 0.09356392 -0.81482285 -0.0754207
51 0.07122735 0.046704073 0.11029814 -0.8688785 0.16465662
1281 0.24598992 0.052189037 -0.14950067 -0.87895 0.17416486
670 0.5315284 0.16218099 0.087063625 -0.7671847 -0.099739924
103 0.009533177 0.35404694 0.27886948 -0.810292 -0.00049439183
237 0.28380752 0.46954894 0.26262474 -0.7423214 -0.10087655
1079 0.43577477 0.41698346 0.21178892 -0.7308345 -0.2770217
1156 0.17898439 0.21176594 0.19829033 -0.8074884 0.17534211
188 0.11231043 0.16835347 0.32258043 -0.8075092 0.03800631
777 0.05144296 0.029756667 0.1276856 -0.87299544 0.17556746
137 0.010760738 0.13154033 0.10145644 -0.8687096 0.35090283
954 0.20787565 0.20474353 0.19817515 -0.8047904 0.05410072
934 0.12788239 -0.051664863 0.2260105 -0.8507195 0.30293575
729 0.33193728 0.4029204 -0.05433748 -0.7958212 0.01887351
902 -0.1605811 -0.07682203 0.15215558 -0.9272424 0.18684591
110 0.30229923 0.4278626 0.27919436 -0.74235135 -0.15170436
295 0.01449303 0.2115294 0.40714478 -0.80687755 0.041066043
73 0.19789876 0.14209874 0.1638212 -0.8234687 -0.1348922
930 0.05689073 0.047105305 0.40745267 -0.82085705 0.14442667
572 0.1529036 0.46246892 0.011549635 -0.8112987 0.10869631
463 0.1714465 0.14255233 0.0063210935 -0.8512073 0.31829828
1029 0.02580403 -0.06694096 0.1311585 -0.89329827 0.0029000065
771 0.34921053 0.32505983 0.13535307 -0.77240425 -0.16429104
63 -0.010980003 0.23234728 0.4094237 -0.8083937 0.08290904
377 -0.023771755 -0.17667149 -0.2793169 -0.99503094 -0.14444248
712 0.54276913 0.14418653 -0.22436464 -0.82113546 0.00031056287
239 0.23802136 0.33009827 0.3272059 -0.7632212 -0.275024
351 0.27187055 0.60474586 0.4631948 -0.69575155 -0.34819835
843 -0.024610644 0.1058634 -0.25070217 -0.9460077 0.051541463
378 -0.020839334 0.39736494 0.23369779 -0.819478 -0.12187451
395 0.15300602 0.18785243 -0.20028022 -0.8858864 0.32834736
1189 0.21439432 0.0052049793 0.04776374 -0.8555534 0.30917665
1145 0.3022385 0.18699418 -0.06466803 -0.82995296 0.4912237
390 0.096665606 0.16212687 0.26831606 -0.8195268 0.14911313
397 0.022860251 0.2752596 -0.040942013 -0.8733701 0.09090765
1224 0.02058425 0.077716306 0.20578748 -0.8594056 0.08749014
672 0.2986167 0.69746965 0.2446449 -0.7128474 -0.25738364
125 0.22628018 0.025045553 0.24599028 -0.8160729 0.2682397
314 0.2682263 -0.06540888 -0.10773977 -0.88728285 -0.08382681
151 -0.00041753743 0.060059566 0.10848265 -0.88333166 0.08717043
839 0.060552265 -0.022585189 -0.19820473 -0.9350665 0.3012568
128 0.09991207 0.37241217 0.11225937 -0.81726336 0.03599851
559 0.14896041 0.23016348 0.03628211 -0.84375435 -0.1577766
329 0.08463674 0.1740441 0.28121725 -0.82002103 0.03752309
785 0.2355918 0.25631472 0.15886155 -0.80028933 -0.101886965
831 0.020562569 0.29070103 0.24960935 -0.8226113 -0.028469192
507 -0.11560824 0.023489526 0.36147934 -0.8697549 -0.028502002
141 0.1926104 0.24943262 -0.06192061 -0.84621024 0.12587099
1045 -0.09656524 0.26404282 0.5156765 -0.803174 0.09148727
1234 -0.13817272 0.20397349 0.109473884 -0.8933677 -0.11641938
243 0.29909518 0.22482695 0.33399367 -0.75820434 0.21435533
709 0.31326258 0.3982077 0.44591784 -0.7125492 0.10074834
426 0.21337096 0.43040022 0.2072723 -0.77107406 -0.073581174
941 0.20780672 0.13777782 0.09053788 -0.8318034 0.1715757
1228 0.28059685 0.030630171 0.17529108 -0.82101977 -0.06711332
92 0.22754578 0.5042699 0.18929702 -0.75991684 0.04194715
1082 0.28311148 0.18618764 0.26247197 -0.7812212 0.00819333
842 -0.20952849 -0.038956825 0.03615255 -0.95187885 0.24628566
1262 0.19982822 0.039291266 0.2957989 -0.8097929 0.3720323
793 -0.12923084 0.03742434 0.085194536 -0.91689134 0.13835478
1030 0.023722665 0.13285969 -0.10817703 -0.9050164 0.20102577
145 0.33432722 0.25535697 0.09573541 -0.79068387 -0.059269134
893 -0.098607145 0.19531418 0.37188432 -0.8364702 0.24155822
248 -0.10292282 0.1358514 -0.001659185 -0.912302 0.11215802
901 0.18993436 0.060818292 0.19335437 -0.8290068 0.13171048
558 0.08128792 0.16325161 -0.06059002 -0.883892 -0.14052263
984 0.29315567 0.4047442 0.07061321 -0.7831229 -0.12215556
1042 0.012289175 0.07787164 0.23480105 -0.8537832 0.27351266
727 -0.042395733 0.11238182 0.09157413 -0.8867636 0.11195838
646 0.31375307 0.041114513 0.03837191 -0.83369213 0.10254351
740 0.038507413 0.2818485 0.13139434 -0.8398212 0.0046365955
149 0.37186956 0.5248334 0.12588921 -0.7428033 -0.23515159
535 -0.14596729 0.2528969 0.08031252 -0.8902712 0.05029417
486 0.088567756 0.27804944 -0.054230772 -0.8617112 0.123876795
886 0.20995443 0.38544032 0.3985433 -0.74797595 -0.2329757
904 0.34756973 0.13287528 0.4378353 -0.7433081 0.22675157
270 0.42759532 0.18644767 0.24539915 -0.75639623 -0.07735512
479 0.25344187 -0.023089431 0.3013779 -0.807197 0.3582782
1186 0.3407814 0.14288357 0.23876967 -0.7767124 0.27499598
403 0.1698707 0.19935912 0.016764259 -0.8414217 0.34554133
1263 0.0071569807 0.27967024 0.27801397 -0.8245553 -0.21069075
362 0.001069705 -0.05611556 0.22654526 -0.8775198 0.29076466
315 0.21804464 0.16142742 -0.18718278 -0.87251115 0.45635676
1016 0.33333042 0.3901189 0.027433002 -0.78541356 -0.15290214
582 0.17156224 0.40429473 0.23960583 -0.77950865 -0.21005666
821 0.013694965 0.13646744 -0.012058919 -0.8922191 -0.07639389
530 -0.24133953 0.08096875 -0.08812918 -0.9630324 0.31202656
587 0.4071594 0.04704235 0.2838661 -0.770941 0.17273526
470 0.3131854 -0.08155802 -0.06452683 -0.87513524 -0.21679997
177 0.42702737 0.19635588 0.17596376 -0.7694801 -0.24371192
1251 0.3208052 -0.026364008 -0.067880504 -0.86014086 0.19704281
578 0.4594239 0.14844193 -0.02110704 -0.7983678 0.19014362
195 0.37765262 0.19885533 0.20861664 -0.766368 0.3213506
768 -0.18936595 -0.22319822 0.05224729 -0.97485286 0.018499525
418 0.12846547 0.40925083 0.1907262 -0.7909773 0.21596302
265 0.32474238 0.4864372 0.12701161 -0.7541199 0.015424654
289 0.17422818 0.0018504466 0.3035841 -0.8218612 0.13271327
1101 -0.14161642 0.10721511 0.027983883 -0.9186207 0.19123453
911 0.072319135 0.08799348 0.34082016 -0.8225718 0.21176977
1083 0.22745751 0.33295578 -0.11338459 -0.8367916 0.08013943
890 0.4355446 0.2875165 0.21663694 -0.74725443 -0.20059772
91 -0.018959431 -0.10467149 -0.13337137 -0.9514153 0.29294866
1176 0.23238124 0.0063093975 0.34840092 -0.80119854 0.15424474
175 0.17437507 0.49293667 0.043268513 -0.7980294 -0.021393584
847 0.27057126 0.08356254 0.06269209 -0.8301618 0.34040734
1143 -0.025205737 -0.12562671 0.33462095 -0.87423503 0.26225403
570 -0.04825867 0.34204942 0.0033962063 -0.87129784 0.038108975
1050 0.09210788 0.29479748 0.036943477 -0.8420898 0.16105348
325 0.43226954 0.48051038 0.30637062 -0.7039392 -0.11573048
357 -0.04889773 -0.059210673 0.29120076 -0.874705 0.5517642
1215 0.38926008 0.22023787 0.23832934 -0.7569797 0.20993914
206 0.0042610154 -0.010920169 0.45285094 -0.83496594 -0.08957254
511 0.061664756 0.25925913 0.22389764 -0.8247718 -0.15191922
816 0.24834654 0.047337018 0.058980335 -0.8400627 0.34172124
798 0.089674965 0.16357756 0.4257246 -0.7939036 0.14165631
837 0.16375467 -0.011522259 0.15487255 -0.8481163 0.48362455
98 -0.35002774 0.09086849 -0.26740402 -1.0172706 0.24528773
347 0.16104068 -0.19163574 0.02636249 -0.90128064 0.10842627
927 -0.06354207 -0.23756559 -0.13097276 -0.98180044 0.13651918
573 0.097245626 0.3219116 -0.15741333 -0.8745733 -0.072566256
181 0.16405495 0.27843645 0.18140386 -0.8071034 -0.04369521
706 0.366917 0.066105425 0.21954434 -0.7872394 0.17479578
185 0.51470995 0.5606201 0.49929485 -0.6420004 -0.021493677
1137 -0.08185968 0.097326286 0.1972227 -0.8763229 0.43226865
523 0.26414543 0.4878068 0.33325735 -0.73561805 -0.31792971
556 -0.02531643 0.09641685 -0.03489042 -0.9070016 0.23938291
471 0.060615513 0.03320237 0.04182601 -0.88359404 0.316531
337 0.15498127 -0.11878291 -0.3763847 -0.9723507 -0.39125368
1284 0.2146773 -0.02990735 0.15004173 -0.84257185 0.33771822
492 0.20142198 0.11969449 0.2907909 -0.8015719 0.08772899
516 0.12144127 -0.019669114 -0.06427642 -0.89763594 0.3640546
332 0.07644289 0.23712073 -0.075800166 -0.874928 0.030648578
102 0.318872 0.50041926 0.30460078 -0.7239565 -0.09245009
1066 -0.06357351 0.13456321 -0.07687456 -0.91874987 0.00056593993
408 0.20756668 0.23371401 0.21365866 -0.7966624 0.14883196
401 0.13809966 0.03627349 0.13118236 -0.85091823 0.4258142
458 0.27027875 0.35512945 0.034806363 -0.7992185 0.045502223
1047 -0.0077258293 0.044606443 -0.007130914 -0.9068697 0.121658206
602 0.16211388 0.06720201 0.36927342 -0.80403465 0.04483936
778 0.26237947 0.12555198 0.058521494 -0.8260446 0.37428313
1181 0.08694142 -0.14286558 0.0032974263 -0.9138387 0.08423828
982 0.15188897 0.115174904 0.17347412 -0.830443 0.28288856
276 0.30608195 0.20738453 0.23054793 -0.7812546 -0.16357656
953 0.39060795 0.123301305 0.18032873 -0.7796573 0.29328254
1069 0.19290137 0.46350196 0.18791258 -0.777684 -0.30712688
1202 0.272966 0.20255966 0.026869649 -0.81878436 0.4126474
933 0.45030555 0.33831733 0.34864208 -0.71115524 0.030275268
1144 -0.16921085 -0.14499684 0.031880412 -0.9584016 0.40068135
551 0.30709898 0.20713392 0.080893226 -0.8041646 0.07171342
1165 0.18031788 0.48536885 0.34388763 -0.75247335 -0.43619663
736 -0.042536248 -0.12942076 0.23775896 -0.8951847 0.23836678
233 0.17469592 0.23228359 0.41969535 -0.77073693 -0.109553635
1252 0.42012456 0.23380189 -0.13600628 -0.81918013 -0.16713476
143 0.14564426 0.14973126 0.020973839 -0.853698 0.24342443
932 0.044151373 0.10227192 -0.10669006 -0.9082958 -0.10938165
173 0.2023074 -0.086149395 0.3021106 -0.82842314 0.18430729
234 -0.055441093 0.17224228 0.18179695 -0.8654728 0.072978176
108 0.24127346 -0.14918554 -0.17932343 -0.9230992 -0.35509047
1125 0.32244223 0.11447011 0.3093562 -0.7718404 0.35492405
606 0.22151445 0.30333143 0.06737045 -0.80759245 0.32273138
203 -0.2070054 0.098841116 0.23744199 -0.8961739 0.15529922
916 0.294638 0.13229981 0.18163815 -0.79711246 0.3277315
1115 0.22710182 0.32768947 0.039467055 -0.8143862 -0.19629961
1112 0.024111284 -0.17633478 0.18324143 -0.89643085 0.38103616
1136 0.3788962 0.07536758 0.24976298 -0.7763294 0.36658138
1276 0.124212086 0.089493826 0.21111895 -0.8380692 -0.13247219
738 0.32504869 0.27932793 0.26391795 -0.7569666 0.1797941
694 0.39279726 0.23960987 -0.07750859 -0.8100641 0.091673195
246 0.43862668 0.6562728 0.43491676 -0.6559034 -0.09431172
499 0.31914884 0.51353043 0.39480287 -0.7085145 -0.24139099
475 0.5856954 0.40346128 0.06592358 -0.7261228 -0.16433538
855 0.26031932 0.10890154 0.09365428 -0.82828313 -0.11064087
242 0.28107086 0.0014208104 0.13054858 -0.82848203 0.27234188
975 0.25564504 0.03713905 0.3188129 -0.7959257 0.22608078
165 0.14103232 0.048129875 0.3740595 -0.80897063 0.17462525
1055 0.0038596562 -0.15923682 0.10136863 -0.91227597 0.402165
733 0.18926619 0.26233742 0.37229902 -0.77194136 -0.06305717
917 -0.0069655366 0.020021938 -0.18854277 -0.9438944 0.011052652
923 -0.17600088 0.14396165 0.045640174 -0.91922253 -0.0035717965
433 0.23287229 0.124335885 0.30344716 -0.79098785 0.22847357
313 0.25718343 0.16040955 0.34686932 -0.77627754 -0.0074209822
1184 0.21959502 0.05727803 0.26818442 -0.8102215 0.14892249
720 0.1168584 0.3307636 0.069525786 -0.825665 0.22203796
474 0.17459498 0.20197883 0.35335356 -0.7848231 0.07544435
1014 -0.054353233 0.36038226 0.37907586 -0.8044102 0.043641023
534 0.3242735 -0.00023567601 0.34728435 -0.7828402 0.19262683
868 0.4496148 0.082683854 -0.020077024 -0.8127985 -0.027804716
1152 0.123572715 0.21430811 0.21782374 -0.8165495 0.064416535
819 -0.26762247 -0.021264613 0.005979384 -0.9691255 0.055647433
519 -0.14106354 0.2822053 0.37453774 -0.83463156 0.018245872
263 0.11965066 0.039491937 0.14910659 -0.85416806 0.08478419
1140 0.2273666 -0.023183417 -0.18457732 -0.9024539 -0.013008036
506 0.3363823 0.16390482 0.44562247 -0.73860216 0.36378095
1064 0.15268211 0.29724914 0.38698187 -0.7713188 -0.061665565
123 0.48272932 0.3094964 0.1105161 -0.7498248 0.021848647
194 0.31464297 0.2152629 0.5142641 -0.7290804 -0.082921386
1031 0.64321256 0.012410263 -0.20672765 -0.8155684 0.12978256
353 0.322494 0.21066406 0.062212504 -0.80204505 0.24460165
1052 0.28275204 0.36188313 0.1145135 -0.78358364 -0.124572806
39 0.1024588 -0.012978382 -0.10742419 -0.91448563 -0.14528507
385 0.018989503 0.15944456 0.032323807 -0.87678957 0.19295673
1194 0.07190464 0.14367552 -0.09872655 -0.8908894 0.25783062
973 0.17139825 0.19213511 0.41737038 -0.7754968 0.10025699
1116 0.24007684 0.38296878 -0.15400273 -0.8358145 -0.043763842
1027 -0.05625912 0.26453042 0.43623456 -0.8122408 -0.19107175
75 -0.16576235 0.0076378123 -0.035196055 -0.9511509 0.056401286
487 0.26216072 0.065687396 0.49197036 -0.7591731 0.4206468
1142 0.14961882 0.23618408 0.22554067 -0.81211567 -0.29606557
169 0.23861463 0.5026961 0.44655618 -0.71819353 -0.26712304
826 0.05777798 0.14899775 -0.1737903 -0.90793395 0.106578976
490 0.11556197 0.03891768 0.35294202 -0.8176451 0.28180364
773 -0.1014383 0.13446257 0.019206813 -0.9066196 0.2880479
718 0.2245638 0.24320571 0.24632545 -0.7870163 0.060000535
1051 0.05094001 -0.048544228 0.21560036 -0.87653995 -0.3337238
1098 0.158253 0.060156234 0.5112976 -0.77959067 0.2290012
537 0.2399991 0.39029503 0.29633766 -0.75768065 -0.17179185
806 0.35478416 0.31043464 0.2359447 -0.75724715 -0.23483552
402 0.07859572 -0.12811735 -0.37925982 -0.98228544 0.085380256
451 0.23772545 0.13306452 0.5076259 -0.7550858 0.13472205
1248 0.3521693 0.16833282 0.14986096 -0.78523976 0.35472625
462 0.3517627 0.4946963 0.28701553 -0.72611326 -0.3908784
345 0.114216134 -0.14484836 -0.5637513 -1.0126741 -0.017025009
392 0.24609254 -0.086627856 0.3507675 -0.81106675 0.20242159
938 0.28105265 0.46190238 0.31696346 -0.73572236 -0.17259958
146 0.39085466 0.3466552 0.23444217 -0.74240047 -0.03775939
898 0.24962062 0.0639799 0.18359232 -0.81561935 0.3608727
763 0.1823708 0.034885257 0.3443741 -0.8078003 0.10824796
520 0.23705375 0.3161939 0.3865608 -0.75185084 -0.06639938
972 0.42295188 0.32185066 -0.0115406215 -0.7857863 -0.2559545
64 -0.012687175 0.02580191 0.28219458 -0.8586894 0.26383737
435 -0.05153623 -0.21689744 0.011310224 -0.95770264 -0.30693138
770 -0.06493369 0.119618796 -0.09161297 -0.9233853 0.062106077
223 0.10758489 -0.2797371 0.34673494 -0.86692023 0.28288412
936 0.1268142 0.0692484 0.121911034 -0.8525322 0.15872051
992 0.02763617 0.02830615 0.23481297 -0.8576654 0.35611767
1044 -0.1595557 -0.024322774 -0.123770244 -0.9681178 0.21433887
271 0.040079303 0.18110745 -0.059799027 -0.8894743 -0.109578915
407 0.22681949 0.07323073 0.29649037 -0.7991784 0.33734557
250 0.23666471 0.17640074 -0.035651557 -0.84377337 0.05788209
958 0.30244496 -0.06430928 0.2933379 -0.80708134 0.13369733
222 -0.4057319 -0.019198213 0.02735268 -0.9961489 -0.1683988
293 0.25301623 -0.0042771534 0.21309423 -0.8198659 0.38472512
483 0.33815086 0.015633445 0.0484832 -0.8280265 0.3923398
1241 -0.09283234 0.15998478 0.14222224 -0.88208294 0.049602423
299 0.33303025 0.14170495 0.27670658 -0.7744654 0.06531328
115 0.21678731 0.09371585 0.12847553 -0.8311521 0.055391777
965 0.07034165 -0.19905415 -0.11977121 -0.9444333 0.3433487
1206 0.22594984 -0.1282338 0.443577 -0.80596817 0.1543736
1173 0.38851705 0.5096697 0.28317416 -0.7135391 -0.19225691
1239 0.18418266 0.5478971 0.47889566 -0.7175719 -0.30266604
856 0.47695717 0.7461064 0.44749585 -0.6348633 -0.12437297
497 0.17306826 -0.12909146 0.29507652 -0.8426224 0.11254005
703 0.617622 0.5041032 0.4477412 -0.64198506 -0.26229
1032 -0.0099049015 -0.043208644 0.28223968 -0.87119174 -0.024194015
800 0.60854745 0.41024435 0.39380082 -0.66182846 -0.020364566
1270 0.1988772 0.101038925 0.21056946 -0.8189301 0.059871834
68 0.048204295 0.18056351 0.11806207 -0.85121816 0.36403292
645 0.5418935 0.078290805 -0.071681924 -0.8043382 -0.047244646
624 -0.007847981 -0.14203142 -0.22070672 -0.97680354 -0.16349892
652 0.3380202 -0.11139913 0.43619633 -0.78613985 -0.12367749
311 0.23395638 0.26499352 0.14652386 -0.79904133 0.082543306
1020 0.2971417 0.1154087 0.2530405 -0.7876163 0.23246202
580 -0.19767867 0.025634123 0.05622573 -0.9398635 -0.07707289
441 0.060332946 0.024374768 0.39131737 -0.8285403 -0.057652865
491 -0.053023648 -0.050439127 -0.01978483 -0.9317942 0.19390602
510 0.513131 0.22550319 0.22518982 -0.734518 0.12583388
496 0.033361167 0.008793272 -0.21328212 -0.9445913 -0.18441395
153 0.6245219 0.16759887 0.35044718 -0.7013029 -0.016548827
485 -0.09928414 0.14312533 0.011709262 -0.9112657 -0.14148925
280 0.18819241 0.44013906 0.30827346 -0.75961834 -0.20737518
262 0.13523524 0.43147168 -0.087075956 -0.8389583 -0.102794655
554 0.05512638 -0.10883127 0.0781815 -0.899517 0.29777008
1017 0.016032415 0.1225651 -0.24601458 -0.93725127 -0.17414692
204 0.39659938 0.2771109 0.03734693 -0.78398854 0.057949
947 -0.059781887 0.30286613 0.43193644 -0.80578715 -0.035839718
1258 -0.22290745 -0.07394419 0.08993037 -0.949932 0.23390491
90 0.1557747 0.552465 0.13705677 -0.77840763 -0.11709523
997 0.43291703 0.34179264 0.21837941 -0.73824435 -0.10584582
647 0.17449382 0.23088872 -0.1141973 -0.86229336 0.050323803
381 0.08215083 0.11107778 0.06745539 -0.8652225 0.1492559
218 -0.1956864 -0.19675156 0.10463742 -0.9630976 -0.021541422
1238 0.049518626 -0.015107893 0.30106932 -0.8490446 0.17049
1147 0.12409 -0.06845072 0.26897737 -0.84632957 0.27528074
828 0.4277969 0.19041584 0.13734016 -0.77251196 0.07499059
104 0.3580107 0.0006994377 0.5998974 -0.73440284 0.13756521
571 -0.22631353 -0.07392417 0.12909535 -0.94754535 -0.047877915
555 0.24342847 0.3833807 -0.09761951 -0.82553977 -0.08005673
508 0.2854619 0.44347155 0.4064358 -0.7218533 -0.15910637
365 0.032647386 -0.061382934 -0.10373044 -0.9313326 0.102362104
352 0.3703781 0.22641341 0.21768104 -0.7652881 0.05487384
304 0.0949793 0.18225852 0.09604356 -0.84660065 0.22461897
869 0.33816433 0.56708044 0.28106317 -0.7140113 -0.057134666
811 0.21572976 0.07113958 0.36406538 -0.7915517 0.19261244
726 0.41066337 -0.12316831 0.30234984 -0.7907456 0.26126987
1183 0.15329655 0.44718218 -0.06499025 -0.82548934 0.21394062
696 0.15080771 0.19043253 0.16704749 -0.8236421 0.04210437
752 0.2421947 0.22883503 0.47877067 -0.7450034 0.13617627
211 0.36048248 -0.1280691 0.31959355 -0.79876536 0.26408792
1225 0.19644694 0.06208899 0.17099908 -0.83076936 0.19924226
882 0.40022168 0.26658565 0.18384849 -0.75861853 0.11268256
374 0.29548326 0.14702773 0.18759704 -0.79414725 0.328769
1021 0.46679717 -0.2883421 -0.33148047 -0.9217783 -0.11298416
372 -0.14166299 0.17886055 -0.17797308 -0.94606566 0.11066263
845 0.0511919 -0.08233162 0.2841878 -0.8700087 -0.35054904
836 0.13704942 -0.06739984 0.09669848 -0.8727486 0.39840674
455 0.04408296 0.35492098 0.4012427 -0.7831587 -0.11356702
200 0.22737174 0.4113507 0.0062520658 -0.80263585 0.23978339
1011 0.046519335 -0.0061620525 0.5163825 -0.81040466 0.27871302
1025 0.20593454 0.1510444 0.096759394 -0.8294297 0.13496685
1110 0.32850963 0.07599577 0.3023297 -0.7767883 0.41579065
574 0.093087785 0.14442927 0.28064272 -0.8221274 0.05023921
1028 0.079284325 0.30070812 0.043981735 -0.8435378 0.086521804
167 0.22893432 0.21501842 0.20348534 -0.79648405 0.11599637
1164 0.047513377 0.18890065 0.042119697 -0.86528873 0.17751767
380 -0.12626876 0.20040873 0.0747516 -0.8968175 -0.09466846
782 -0.21432912 -0.10506751 -0.072485216 -0.9883882 -0.2501812
1006 0.034906097 -0.12510897 0.1752809 -0.89928955 -0.41429836
591 0.38031596 0.289225 0.024109535 -0.7910215 -0.15773582
411 0.2745934 -0.20738485 0.1740702 -0.8515995 0.44123188
907 0.18271342 0.09784773 0.3320225 -0.79872125 0.354575
742 0.14961495 0.50190663 0.40764928 -0.7416582 -0.18423012
279 0.20872779 0.010671251 0.3093484 -0.81174105 0.20984057
931 0.45506698 0.3127539 0.41004813 -0.707482 -0.23581031
1240 0.44150034 0.4179597 0.15193781 -0.735014 0.05950549
854 -0.020025471 -0.28062186 -0.027389599 -0.96448374 -0.121628895
322 0.18677703 0.14461803 0.3888657 -0.786545 -0.1190052
35 -0.054499023 0.0017260185 -0.060468625 -0.93155956 0.21688606
45 0.15506323 0.40762123 0.2842615 -0.7691496 0.23095238
746 -0.21038318 -0.021533577 0.010564956 -0.9577371 -0.06593398
655 0.20384309 0.04186048 0.43553296 -0.7865053 0.1513852
1063 0.17940009 0.08556876 0.31349128 -0.8051854 0.24053316
581 0.38320568 -0.0902336 0.23095031 -0.80418736 0.2656029
216 -0.037347496 0.17608753 0.3316676 -0.83342576 0.18742365
99 0.11568354 0.12911949 -0.087370865 -0.88138044 0.33362198
1250 0.10569559 0.0824124 0.24815497 -0.8321128 0.21990618
805 0.101718515 -0.20399952 -0.33538944 -0.98724085 -0.31530663
400 0.17388669 0.07781534 -0.031246023 -0.8695365 0.08261847
724 0.16928566 0.2574506 0.13860257 -0.8128234 0.26238996
1153 0.2911336 0.04369429 0.2629577 -0.8006347 0.0010557319
817 0.49055886 -0.106233366 -0.4140704 -0.91024274 -0.36794496
40 -0.06804085 -0.15320951 -0.1306904 -0.9773476 -0.34825584
1015 0.088971086 0.25102437 0.13301487 -0.83635646 -0.19243813
47 0.13943818 -0.17896952 -0.123191044 -0.93454665 -0.172972
384 0.4827222 0.4902129 0.17240964 -0.7172303 -0.208087
4 0.21606676 -0.1351634 0.32119623 -0.8342112 -0.1427336
482 0.12539943 -0.014554107 0.18196219 -0.8525664 0.35992417
919 0.12547751 0.12000876 0.3636993 -0.8037981 0.10540683
27 0.32726938 -0.15096335 -0.3650312 -0.9418074 -0.45140648
413 0.04517821 0.00035007249 0.30745846 -0.84582406 0.27901965
1168 0.11304149 0.22151895 -0.08346387 -0.8701352 0.09438763
1119 0.019516328 -0.16389132 0.12091132 -0.91080856 0.0103726685
543 -0.17530887 0.03917666 0.1105508 -0.9213085 0.13165583
1205 0.2386498 -0.0567351 -0.12121797 -0.8926405 0.08363777
66 0.010705096 0.11820923 0.15835679 -0.86725223 -0.18677737
588 -0.040538948 0.080471426 -0.13873601 -0.93395424 -0.047401782
140 0.16443242 0.34385872 0.31538823 -0.7779495 -0.29990348
274 0.15782437 0.16592167 0.4301786 -0.7810419 -0.0045311465
494 0.124030836 0.179599 0.46007147 -0.78017473 0.038086608
688 0.5204927 0.07288022 0.13184017 -0.7685371 0.4321354
906 0.36960658 -0.0047767013 0.32020047 -0.78244287 -0.010368968
1244 0.44448262 0.36185366 0.4868097 -0.69153446 -0.32690933
14 -0.01690655 -0.017575309 0.15874635 -0.8889696 0.0770232
804 0.19664384 0.0504919 0.24950191 -0.81979567 0.055707585
1007 -0.079133175 0.14123888 0.025144273 -0.9105871 -0.44819957
686 0.009659961 0.046361715 0.032101713 -0.895877 0.1694345
542 0.19153173 0.042198185 0.26631588 -0.8184546 0.13208924
988 0.07623268 0.1700472 0.095766425 -0.85539955 -0.068519644
603 0.0017484481 0.044257093 0.50885946 -0.813742 0.28209943
23 0.36490294 0.3885245 0.057240035 -0.7728073 -0.07954927
477 0.102161914 0.0116788335 -0.19514255 -0.9206761 0.35903862
1178 -0.026473591 0.35204968 0.47790742 -0.7889558 -0.3216049
37 0.29665703 0.46035105 0.20769443 -0.7469989 0.1786328
1104 0.32598135 -0.05513702 0.39773458 -0.78152776 0.260516
935 0.12758148 0.063432455 0.14315823 -0.84911317 0.21224946
660 0.6251671 -0.22955327 -0.64693755 -0.9427309 -0.21463265
593 0.32358542 0.45923153 0.46931398 -0.7001728 -0.054449864
476 0.66047454 0.22617789 0.3384875 -0.68439555 0.2847931
791 0.3145558 -0.25598815 -0.3883229 -0.9645443 -0.41806015
786 0.30775028 0.43322292 -0.05870733 -0.7941937 0.29292274
676 0.27978495 -0.11216588 0.4763687 -0.7834736 0.49989137
28 0.34011528 0.35706365 0.3614569 -0.7316626 -0.21521463
1169 0.24922638 0.032180578 0.19741116 -0.8196468 0.14441888
682 0.32581043 -0.19226333 -0.5006495 -0.9689405 -0.22725785
978 0.02417421 0.16440132 0.23225953 -0.8412548 0.10100977
636 0.74081004 0.5360056 0.32876953 -0.630385 -0.05547396
432 -0.041029368 0.048533443 0.16334051 -0.88112646 0.29268238
1182 0.39620015 0.19069056 0.29822227 -0.749667 0.15639296
851 0.21030654 -0.3703203 -0.113336556 -0.9477701 -0.16621703
536 0.44477943 0.30617458 0.19148959 -0.7434413 0.04956622
52 0.061667763 0.16441047 0.18073244 -0.84233004 0.09563422
681 0.514872 0.3089142 0.40823784 -0.6928234 -0.02009417
278 0.21355194 -0.014796164 0.23794298 -0.82561547 0.30821973
1120 0.24258566 -0.046398375 -0.16428626 -0.90272504 -0.25216156
985 0.20080042 0.5107453 0.3750144 -0.7321387 0.043827534
1237 0.37931046 0.11871948 0.36749846 -0.75533825 -0.11936164
970 0.44655398 0.4618903 0.09547201 -0.7377737 0.055323865
912 0.27602413 0.0068162503 0.36350846 -0.78846425 0.27124646
1150 0.14550737 -0.03253314 0.34736004 -0.82445633 0.13341461
1264 0.38019672 -0.27938274 0.6818436 -0.7559842 0.2266961
577 0.33608893 0.05084441 0.40872097 -0.76548594 -0.024345562
766 0.25743178 -0.18610965 0.01955052 -0.8820385 0.104082994
296 0.4355407 -0.01903607 0.28626907 -0.77672356 -0.0007557174
285 0.28603497 0.0145148635 0.2714427 -0.80166847 0.1930319
440 0.14920673 0.36128312 0.56691456 -0.73176533 -0.02104847
367 0.28198093 0.2585053 0.2588289 -0.770663 0.10810073
321 0.33333996 0.31199238 0.1994353 -0.7643071 0.009942789
354 0.1847938 -0.06894783 0.18920065 -0.84912294 0.14411083
154 0.3598714 -0.08060302 0.35958764 -0.7844743 0.33380187
986 0.44319937 0.34405872 0.3791395 -0.70709985 -0.011721639
552 0.08295434 0.18339047 0.31598464 -0.8107278 0.22472484
715 0.30559105 0.18817182 0.50865877 -0.73601705 -0.094890445
665 0.41831723 0.17239726 0.6274268 -0.69206285 0.1616815
319 0.34996903 0.034932356 0.22260427 -0.7951348 0.14247508
799 0.3329484 -0.40749422 -0.3505195 -0.97916085 -0.49336848
224 0.27714863 0.18304858 0.070503935 -0.81733906 -0.044528443
1278 0.21494178 0.23576099 0.25169334 -0.790574 -0.06539948
995 0.30180824 0.4230699 0.13982038 -0.7670959 -0.1259798
744 0.058308035 0.12753876 0.56207204 -0.7826877 0.10284419
585 0.48413897 0.52330726 0.4187217 -0.67259204 -0.36209357
1280 0.098419294 -0.08655341 0.5672318 -0.8045235 0.14260966
89 0.2723856 0.27044874 0.13800631 -0.79122174 0.13135216
994 0.19654319 0.4819688 0.35307407 -0.742612 -0.10958576
344 0.35239434 -0.0070661088 0.27721047 -0.7899076 0.26305443
1073 0.14559971 0.32754377 0.52502024 -0.74738324 -0.21995556
1148 0.46086258 0.32547542 0.51668173 -0.6794442 0.21679476
230 0.056581624 0.2436996 0.13384666 -0.8414056 -0.007519948
481 0.16303186 0.48408034 0.25404435 -0.76618576 -0.053906262
716 0.014847515 0.008353277 0.44719145 -0.8297899 0.013635939
797 0.37244838 0.3153344 0.20097859 -0.75697654 -0.09248492
1019 0.07949289 -0.04219139 0.20177607 -0.8669081 -0.035639558
78 0.12657066 0.3763769 0.47716054 -0.74978083 -0.024062019
1089 0.6150724 -0.11979607 -0.38156706 -0.87799376 -0.22286329
373 0.62246436 -0.17342399 -0.41731396 -0.8974523 -0.47882524
948 0.21385862 -0.15197223 0.3568184 -0.8295533 -0.057598885
1102 0.03291926 0.42809513 0.18094106 -0.80953217 0.22401121
908 0.23361531 0.007509628 0.3071904 -0.8063377 0.29612666
880 0.36468458 0.054838855 0.15866353 -0.80050665 0.13012822
750 0.28104818 0.22865069 0.47775483 -0.7374274 0.11517522
1256 -0.013078561 0.033966172 0.097079635 -0.8924108 -0.008528321
644 0.13716492 -0.009097845 0.21948467 -0.84197557 0.40036616
654 0.32996598 0.2889392 0.21622488 -0.7638237 0.118093036
134 0.52024215 0.21040143 0.42876583 -0.70114994 0.072790526
895 0.005135465 -0.15768617 0.32356364 -0.87503934 0.1806069
93 0.4909518 0.34335062 0.4120683 -0.6925759 -0.05239753
631 -0.32239377 -0.11435151 0.043097507 -0.9879063 -0.007772763
1247 0.5968427 0.26365075 0.25600684 -0.7050849 0.2813262
968 0.4265192 -0.14827327 0.0958615 -0.8250448 0.5009203
991 0.55981624 0.10237102 0.10576089 -0.76289505 0.20651634
468 0.39964664 0.398496 0.26219213 -0.725335 0.22720332
1097 0.20030873 0.37377304 0.41300273 -0.74491364 0.05019497
1002 0.2012683 0.0066109607 -0.11719295 -0.88835 0.22371432
566 0.045422822 0.48632628 0.76452273 -0.702127 -0.012228536
576 0.31189984 0.20236361 0.2605594 -0.7731574 0.047252756
174 0.11903678 0.032402955 0.007198726 -0.88186187 -0.024161821
604 0.191332 0.34220284 0.28164744 -0.7752523 -0.10435986
59 0.3596729 -0.17744711 -0.36147538 -0.9342958 -0.22618598
205 0.2864025 -0.2690219 -0.44738582 -0.97904605 -0.23073411
857 0.28175583 0.75041044 0.5264156 -0.6614486 -0.2837319
708 0.18534926 0.3361268 0.06543181 -0.8132103 0.04227272
1179 0.31099916 0.2862367 0.45528144 -0.7307842 -0.14855254
334 0.042288892 -0.19337465 -0.32158545 -0.9952605 -0.3246973
273 0.28254974 0.39138675 0.20245068 -0.766316 -0.24520114
876 -0.13169585 0.22459972 -0.031516645 -0.91599816 -0.29977515
517 0.43781257 -0.32164285 -0.6213346 -0.9921247 -0.3581883
1174 0.03917916 0.07036961 0.34189126 -0.83235943 0.10923195
266 0.105459906 8.4053754e-05 0.26033086 -0.847676 -0.18551265
1022 0.2917888 0.17270325 0.16211386 -0.7951614 0.32790014
324 0.18533967 0.535799 0.3620409 -0.73747575 -0.20840615
22 0.33882794 -0.22918598 -0.28460807 -0.9308542 -0.119083345
170 -0.1188729 -0.18388495 0.1626 -0.93541324 -0.028045012
421 -0.10865189 0.17977555 0.030106103 -0.9034354 -0.040753834
1249 0.03461034 -0.00062502065 0.29804754 -0.85324925 -0.02627869
1068 0.21077946 0.2882165 0.55264735 -0.73029274 0.116461545
809 0.24932216 0.053875078 0.4016153 -0.781732 0.14098401
254 0.37317222 -0.17494226 0.31770265 -0.8013854 0.5341592
179 0.4718408 0.14574064 0.41624978 -0.7233882 -0.0100262
1199 0.13759506 0.2717241 0.28586817 -0.7954783 -0.07040485
759 0.069052674 0.23201223 0.12195944 -0.8440783 -0.10305103
429 -0.0881164 0.011559487 0.29832536 -0.87623715 -0.03829065
1149 -0.4469744 -0.019289961 0.15445888 -0.9849012 -0.3120136
214 0.43236423 0.09879776 0.3407732 -0.75110835 -0.03503201
1128 0.059755623 0.14520772 0.13663658 -0.8556854 -0.11643614
692 0.3101096 -0.26315784 -0.30894646 -0.94804853 -0.2734856
1180 -0.016175501 -0.14979322 -0.07813593 -0.9545156 -0.22726388
865 0.22298105 -0.05358566 -0.36403924 -0.9469167 -0.42069465
244 0.16285641 0.06670909 0.088112615 -0.8548302 -0.11566099
116 -0.16433914 -0.1574381 0.087696426 -0.95236623 0.06324973
81 0.68963444 0.3983333 0.14722158 -0.6932352 -0.18141018
415 0.39890173 -0.18925686 -0.2330069 -0.9072061 -0.3692899
877 0.09908986 -0.07028637 0.3941848 -0.8301065 0.3017903
653 0.12008729 -0.066787 0.5363473 -0.80196404 0.2009498
755 0.42111838 0.53302944 0.26891187 -0.70588833 -0.18690537
952 0.16631572 -0.15565619 -0.41802096 -0.97958297 -0.19638771
753 0.13523136 -0.1615085 0.106480636 -0.8894582 0.022484362
1036 0.186388 -0.04035584 0.0057636783 -0.87698305 0.13598976
1008 0.31554762 0.44929454 -0.007206301 -0.78480977 -0.030000353
1223 0.15525897 -0.04577878 0.37841126 -0.8200289 0.07629125
158 0.071615174 0.57113427 0.4414004 -0.73967177 -0.00017891817
754 0.30117732 0.35045636 0.48362726 -0.7176351 -0.07866796
484 0.20212165 0.313851 0.39629832 -0.760054 -0.23616678
55 -0.06271712 0.2356784 0.67353266 -0.77328056 0.12000486
405 -0.009625074 0.0101129785 -0.24119309 -0.95924765 -0.24175777
187 0.1856808 -0.113866396 -0.26700667 -0.94342077 -0.30347168
467 0.16976187 0.15422927 0.04844834 -0.8436613 0.26598656
26 0.4574117 0.521349 0.14553809 -0.723208 -0.24715845
996 0.41038162 -0.08668179 -0.30401534 -0.9035863 -0.4182818
1034 0.27884668 -0.09286301 0.37950167 -0.7987919 0.3896003
926 0.2637419 0.37654024 0.16694097 -0.772182 0.1960698
1274 -0.2259954 0.020116907 0.092739254 -0.9418017 -0.19371693
191 0.30702683 -0.1605701 -0.3157596 -0.93685323 -0.38946044
579 0.44054422 0.008648693 0.21531726 -0.78126645 0.23103718
1245 0.53269905 0.48866582 0.37198538 -0.66960067 0.006953715
260 -0.32490858 -0.13812944 0.22336337 -0.9574672 0.25399706
424 0.5882511 0.54952604 0.33116332 -0.6608872 -0.21892208
396 0.14612854 0.036838654 0.396131 -0.8073316 0.027424129
159 0.12572442 -0.36299622 0.49817732 -0.8502166 0.29700124
431 0.38307902 0.12671433 0.3992759 -0.746206 0.015630852
1109 0.29628608 -0.13608263 0.26737985 -0.8211698 0.37888974
100 0.35930595 0.042991307 0.103445835 -0.80953133 0.49064797
905 0.10933079 0.7004528 0.60322696 -0.69260794 -0.37544927
189 0.48963246 -0.04440135 0.28751907 -0.76604694 0.26589224
290 0.30846912 -0.019946788 0.37051085 -0.78561854 0.18962891
850 0.28112447 -0.06954183 0.14233682 -0.8459923 -0.356813
155 0.26821858 -0.09316213 0.084321864 -0.85423845 0.14413585
358 0.45020252 -0.36816347 -0.41135854 -0.9610633 -0.51646835
1171 0.18055739 0.13273379 0.23349088 -0.81641877 -0.12845719
757 0.12731242 0.37939864 0.7158498 -0.7086557 -0.017763909
212 0.389593 -0.16644253 -0.17848639 -0.8967114 -0.3642524
569 0.6496452 -0.57286644 -0.28245953 -0.9236508 -0.23057126
1283 0.45723513 0.13584763 0.24269724 -0.7548168 0.17832665
404 0.0114584025 -0.23553047 -0.08204079 -0.9631009 -0.21845554
802 0.23091684 0.3234221 0.51674885 -0.730526 -0.11311756
859 0.32726398 -0.45963153 -0.35640684 -0.9901291 -0.552399
453 0.3413191 0.63465035 0.51612526 -0.6683688 -0.31867358
959 0.6241232 0.0375435 0.37680668 -0.7119298 0.26932004
1038 -0.015567652 0.60424316 0.19888212 -0.7944304 -0.014417793
633 0.5384467 0.43412855 0.17911482 -0.7074831 0.16741344
612 -0.06318855 -0.19323353 0.25901988 -0.9054173 0.19919854
628 0.112077296 0.11448203 0.25523394 -0.8240111 0.29992616
72 0.4422586 0.13870278 0.59791595 -0.69957703 0.0223255
685 -0.12567684 -0.033486366 0.00803148 -0.95262885 -0.6184063
810 0.1806479 0.24607472 0.43481877 -0.76329917 0.048033994
135 0.5664261 -0.42831594 -0.33084896 -0.9327377 -0.5083859
1214 0.44000316 0.37381262 -0.057270497 -0.7796219 -0.06844665
259 0.27233416 0.13294394 0.32631648 -0.7772366 0.23551527
443 0.044895485 0.32272816 0.24719992 -0.81242275 0.036355168
472 0.6800469 0.5676636 0.42384562 -0.6224141 -0.08357169
714 0.12516586 0.54261744 0.6877664 -0.69521207 -0.2730143
217 0.05944521 0.010283617 0.14008856 -0.87127185 0.21630451
391 0.18011782 -0.19092351 0.12977462 -0.87622637 0.38456815
406 0.7658502 -0.4860332 -0.30926642 -0.8941745 -0.35523522
1077 0.08395342 -0.120329574 0.20985638 -0.87070614 0.43979612
705 0.33575538 -0.14653854 -0.29584038 -0.9259578 -0.3989751
1093 0.33644173 -0.37606287 -0.35158518 -0.9750154 -0.531564
168 0.27569315 -0.44005418 -0.28624132 -0.98649615 -0.61255753
1155 0.5053275 0.17738898 0.11864287 -0.7612031 0.14855874
11 -0.1566866 -0.10517937 0.23778431 -0.9238527 -0.3471863
940 0.20476383 0.23584731 0.22972982 -0.7954967 0.011157409
202 0.41611668 -0.12892878 0.019916521 -0.84050286 0.20955496
58 0.587684 -0.19923733 -0.5098299 -0.92950326 -0.61409646
1172 0.34803683 0.37372804 0.4214017 -0.71236575 0.17439078
379 0.739547 0.55538106 0.3051427 -0.6307911 0.044044506
990 0.099240266 0.22744794 0.18169118 -0.8260489 0.04411579
528 0.7144943 -0.45147747 -0.45882958 -0.9293709 -0.4416267
788 0.31593728 0.4170748 0.13181631 -0.7639181 0.057796646
1208 0.58238554 -0.49235806 -0.45341706 -0.96004283 -0.3996349
713 0.5207159 -0.074066624 0.3978221 -0.7438007 0.47437683
866 0.22075723 0.30714938 0.3215821 -0.7658797 0.074464016
944 0.099524096 -0.06261237 0.40815857 -0.83667 -0.4058104
662 0.6194489 0.42982742 0.38280615 -0.66300726 -0.23800212
833 -0.07644164 -0.10270972 -0.07511531 -0.9645275 -0.5063223
305 0.98232055 -0.5723883 -0.2410869 -0.8533223 -0.31367892
812 0.36499593 -0.013218819 0.54635614 -0.743762 0.11934678
787 0.14528772 -0.09372425 0.063476264 -0.8910504 -0.36226547
531 0.28481656 0.09439708 -0.041607887 -0.8439252 0.32304412
15 0.58130085 -0.45224598 -0.13835081 -0.8991898 -0.51766443
33 0.41117826 0.53589475 0.45528415 -0.678296 -0.3006818
884 0.12670775 -0.09958894 0.32475635 -0.8416699 0.1766492
1257 -0.05950879 -0.11182178 0.1540724 -0.91315216 0.055240855
327 0.29924697 0.023340538 0.33355913 -0.78723806 0.164103
1167 0.60070443 0.29873902 0.06801484 -0.7416412 -0.37669823
623 0.04904763 0.12919846 0.031741753 -0.875141 0.21870334
689 0.46511355 -0.23823406 -0.28244424 -0.9137662 -0.5124968
162 0.43656743 0.098730505 0.12473791 -0.7844173 0.29876682
83 0.13291585 0.5017392 0.26957223 -0.7647528 0.102033995
561 0.23645592 0.09446516 0.056523696 -0.8389722 0.07271269
21 0.49137345 0.32237107 -0.053738445 -0.77957463 -0.2775362
1159 0.6890149 0.44472125 0.36696056 -0.6470957 -0.0542844
639 0.46899936 -0.09034309 0.19941644 -0.790468 0.41383544
637 0.5179239 0.2926243 0.29925597 -0.71153784 0.076239355
288 0.6438852 -0.25931495 -0.25853285 -0.87284684 -0.27667695
1154 -0.059229046 0.07452497 0.25662187 -0.8669017 0.11914663
589 0.37364295 0.20698343 0.73139846 -0.67915916 0.14911364
399 0.2739226 0.2823784 0.48899415 -0.73123825 -0.047980726
95 0.51545656 -0.10866985 0.46578896 -0.74237996 0.07077409
599 0.3252953 -0.21857263 -0.28768444 -0.9337746 -0.19436382
267 0.20748612 0.13105427 0.2333923 -0.8193912 -0.55246645
1218 0.73942107 -0.25373104 -0.3478425 -0.87434757 -0.50146157
1053 0.29316506 0.3373267 0.54009414 -0.7100989 0.020748682
312 0.031655595 -0.013023057 0.3176985 -0.84828615 0.33875135
447 0.16694774 0.041165195 0.2249726 -0.8374992 -0.31863418
544 0.16480981 -0.23746133 0.11235094 -0.8891194 0.40998694
13 0.48280212 -0.30845028 -0.24515408 -0.91119266 -0.37535408
772 -0.36717314 -0.23677999 0.3929674 -0.9676123 -0.6912706
69 0.30714428 -0.5839792 0.006720309 -0.9427048 -0.34449175
65 0.72824234 0.19524409 0.5234905 -0.64535886 0.12096309
622 0.44587654 -0.019716289 0.0708512 -0.8088034 0.2806086
977 0.28605476 0.31385154 0.43550044 -0.73118377 0.16175939
1255 -0.03087796 0.13877456 0.29355976 -0.8499587 -0.2365502
330 0.53644335 0.26037997 0.19640711 -0.72871846 0.23867087
29 0.44922847 0.48818597 0.4659724 -0.67454946 -0.23148908
1095 0.2782367 -0.024599852 0.3835087 -0.78886724 0.30516955
620 0.43813783 0.59928286 0.3354638 -0.6819317 -0.16591372
210 -0.03563859 -0.03387791 0.16953214 -0.90269184 -0.48756686
326 0.068901144 -0.20452425 0.7946783 -0.78733087 0.4167111
1229 0.23578481 -0.20380981 0.49058595 -0.8036374 0.49743453
3 0.18923503 0.2637396 0.054442886 -0.82457423 0.10305991
1108 0.66005254 0.20939954 0.6366837 -0.6371502 0.23625128
343 0.51075256 0.3468955 0.22178294 -0.72072583 -0.045306336
370 0.39827678 -0.002996335 0.36528334 -0.76991546 -0.12914692
976 0.13066879 0.069791585 0.22050323 -0.8331932 0.23697704
946 0.89934146 -0.20849527 -0.28756538 -0.8192065 -0.22622894
120 0.5696855 -0.46427602 -0.20699534 -0.90994656 -0.30601284
150 0.32907048 0.17166479 0.49400258 -0.7329448 0.129006
219 0.47936177 -0.37353507 -0.20198326 -0.91501856 -0.3805509
444 0.30659324 -0.476106 -0.3558507 -0.99816626 -0.58915627
1078 0.7405383 -0.2192274 -0.32721752 -0.8664525 -0.5294051
549 0.46089283 0.5166475 0.106585026 -0.7285034 -0.20938519
641 0.14844038 0.44831395 0.5733535 -0.7199077 -0.09025985
860 0.21743542 -0.044749185 0.1672673 -0.8434527 0.10227019
303 0.18182161 0.079706214 0.18155792 -0.8289129 0.16075449
732 0.14878751 -0.03014322 0.3198161 -0.82707727 0.23331687
489 0.00095440843 -0.29502884 0.1274466 -0.9467524 -0.65074414
275 0.04310931 0.08199168 0.112372756 -0.8711561 0.0074518993
691 0.40028718 0.32358512 0.44977644 -0.706813 -0.029331142
885 0.6315053 -0.43885902 -0.13568579 -0.879087 -0.26046264
7 -0.061183996 -0.09325624 0.47833878 -0.8627399 -0.45321792
981 0.44167575 0.3284814 0.065101445 -0.76331824 0.00121874
231 0.79974735 -0.3983154 -0.52267313 -0.91864693 -0.48511532
945 0.37440506 -0.10344699 0.46523562 -0.766222 0.39302137
974 0.5576712 -0.6101183 -0.23052196 -0.9450804 -0.4981601
178 0.58676946 -0.23567723 -0.2290546 -0.8812511 -0.5520538
600 0.7039009 -0.45438734 -0.47637662 -0.9340867 -0.36566862
461 0.67820776 -0.22725253 -0.3516406 -0.88291156 -0.5043165
350 0.35890952 0.3337552 0.37306514 -0.7241079 0.1521459
97 0.11327217 -0.27144334 -0.05178069 -0.93859714 -0.0455547
129 0.2357667 0.04202805 0.52141 -0.7684619 -0.07031938
456 0.55807054 -0.41980833 -0.09451663 -0.883769 -0.22158438
101 0.039352845 -0.14058852 0.18232737 -0.88858676 0.33565113
1048 -0.031098446 -0.31748694 0.4687294 -0.9002604 -0.74572325
550 0.28979665 -0.0021583328 0.12749682 -0.8256402 0.539213
361 0.70369387 -0.5535398 -0.36632887 -0.9335634 -0.5451125
368 0.31479275 -0.124711946 0.68646663 -0.74587613 0.1899339
369 0.4852749 -0.37445092 -0.38305014 -0.9551061 -0.65951747
18 0.2543618 0.09469382 0.4672435 -0.76248693 0.23694773
529 0.6658173 0.26092437 0.38865703 -0.6717512 0.07654543
1279 0.5248728 -0.08210284 0.430725 -0.7407501 0.19198526
41 -0.09338626 0.105034694 0.18532252 -0.8806359 0.2021939
446 0.3300849 0.43993127 0.3617879 -0.72178155 -0.17392287
464 0.8643475 -0.3677513 -0.23534837 -0.8433122 -0.32877493
539 0.31481263 0.060331225 0.28720877 -0.79432523 -0.3104803
1162 -0.015056213 0.16008992 0.20111233 -0.8618067 -0.32254308
209 0.24053285 -0.30269203 0.22639154 -0.87642074 -0.4174848
764 0.62462705 -0.5204954 -0.43915084 -0.955275 -0.48886117
683 0.42952833 -0.48111564 0.3213206 -0.85254997 -0.50835466
1139 0.556652 -0.3268694 -0.28258505 -0.91367966 -0.63962036
779 0.13227856 0.08017521 0.47064582 -0.79913205 -0.43653017
1261 0.09075053 0.16772199 0.2003068 -0.8316785 0.16544227
6 0.50784016 -0.01282348 0.31613415 -0.77495235 -0.83236986
331 -0.09668513 -0.3313948 -0.07196548 -0.99900854 -0.30632088
792 0.07926927 -0.08756715 0.085904144 -0.89071655 0.18583775
1219 0.748172 -0.18029468 -0.43507025 -0.8773881 -0.4862705
526 0.01683678 0.29417655 0.4492898 -0.79264116 -0.30458426
962 -0.17063631 -0.10321776 0.43554282 -0.8851228 0.07593084
721 0.20114829 0.25818473 0.30132422 -0.7814087 -0.050366145
849 0.0044952002 -0.2207778 0.44829956 -0.8740607 -0.44277456
1203 0.14236389 -0.43643343 -0.45882708 -1.0407678 -0.45548135
875 0.558388 0.0661472 0.3726093 -0.7191474 0.50427765
760 0.16870579 0.08379603 0.14137708 -0.84434974 -0.25512102
939 0.19435365 0.39172494 0.591282 -0.7152589 -0.04466731
1067 0.37112793 0.17848557 -0.14416116 -0.84081936 -0.2954029
79 0.6675451 -0.45244464 -0.36455807 -0.9266255 -0.6239662
118 0.12021273 -0.2968201 0.4372157 -0.87482977 -0.83122194
524 0.07721273 -0.18700163 0.284827 -0.87078017 0.23470426
227 0.07145168 -0.14804497 0.11182508 -0.898417 0.06710961
861 0.5368457 -0.4658678 -0.345238 -0.9464652 -0.47226954
457 0.40895626 0.19474462 0.2599108 -0.75798035 -0.17992078
1253 0.20082667 -0.119947635 0.2112744 -0.8480138 0.34117016
1217 -0.14074461 -0.15076503 0.10780823 -0.9484446 -0.28392932
1072 0.5165841 -0.4266658 -0.28825924 -0.94221866 -0.7841287
870 0.11821069 -0.15982383 0.124735124 -0.8876452 0.14012116
1096 0.77915484 0.14456342 0.6513113 -0.6212029 0.14878273
943 0.74036884 -0.24810903 -0.30978897 -0.8660245 -0.47985998
1212 0.5812883 0.123961076 0.35954344 -0.7127755 0.12656102
346 0.531482 -0.5520575 -0.33014464 -0.95541984 -0.36397192
422 -0.043170176 0.07712744 0.15379874 -0.8925937 -0.56456226
867 0.26893276 -0.005414102 0.45455462 -0.7771672 0.1568688
183 -0.013399466 0.20083351 0.44237578 -0.8042142 0.5561748
980 0.4179458 0.08809779 0.26191443 -0.7672837 0.06199842
680 0.15259092 -0.13594775 0.30647266 -0.8562669 -0.48917288
625 -0.054194905 -0.49093395 0.2684389 -0.96273786 -0.6313202
1243 -0.068469234 -0.12892123 0.30875158 -0.90104616 -0.5489282
112 0.5280463 -0.5338627 -0.27862015 -0.94823265 -0.53476715
142 0.073005274 -0.07086994 0.3418052 -0.8446212 0.21464853
356 -0.011548628 -0.21431635 0.50523025 -0.86869216 -0.54740405
20 0.7406067 -0.2015841 -0.31037343 -0.85768706 -0.42806166
704 0.044146426 0.093324155 0.3675096 -0.83760434 -0.634263
1024 0.17723708 0.11078335 0.28773183 -0.8133674 -0.25605652
605 0.3369561 -0.054321773 0.2675421 -0.80347836 0.086100586
568 -0.012040972 0.020184174 0.10159561 -0.8936554 -0.026435584
359 0.24507792 -0.533448 0.1850164 -0.9266536 -0.7365349
1161 0.2684869 -0.104543194 0.30657575 -0.8217398 -0.15810192
1071 -0.013629919 -0.25766805 0.3210919 -0.90412635 -0.43464208
563 -0.09919658 0.13612477 0.17067607 -0.88136816 0.072426595
887 0.39039066 0.0012554164 0.4568096 -0.7478075 0.5225386
17 0.78420705 -0.20678252 -0.42417428 -0.8699812 -0.37216306
1087 -0.015699632 -0.043519974 0.4995059 -0.84345245 -0.47728103
19 0.23935993 -0.4888319 -0.028431205 -0.9561848 -0.6580401
436 0.33602664 0.0145294 0.26099998 -0.79153323 0.38534665
677 0.8916547 -0.3383311 -0.15360211 -0.82478744 -0.52382237
618 0.5621232 -0.25545654 -0.21558641 -0.88530654 -0.49222767
409 -0.001716851 -0.016012464 0.23715249 -0.87121797 0.14986141
1126 -0.04476413 -0.264073 0.2782161 -0.9199598 -0.4504042
308 0.34537542 -0.14813304 0.06315859 -0.85606945 -0.21307117
864 0.5335417 -0.45151842 -0.18357256 -0.91740096 -0.5556387
438 0.61426914 0.3513951 0.019185359 -0.73001134 0.29289964
122 -0.222945 -0.18810345 0.24191876 -0.951178 -0.47542176
621 0.7413804 -0.2879448 -0.27435702 -0.86659503 -0.55432147
894 0.63521725 -0.62752014 0.04136858 -0.88395005 -0.52497095
501 0.51441205 0.37622556 0.7714626 -0.62202775 0.041615177
687 0.27788776 -0.030522725 0.58749825 -0.76243937 -0.20977823
253 -0.104082376 0.09398737 -0.003819019 -0.9262192 -0.3752158
1277 0.2164035 -0.24373218 0.08128687 -0.902182 -0.60652125
1190 0.05147846 -0.11394176 0.3347659 -0.8760668 -0.7766652
562 0.69991064 -0.23496889 -0.4909601 -0.90322137 -0.41177398
1123 0.43083313 -0.10586196 0.08007925 -0.8304254 -0.234787
298 0.01858749 -0.3626584 0.92027193 -0.8059703 0.009531907
751 -0.15939064 0.0055564516 0.42601842 -0.8743979 -0.29885718
156 0.1342741 -0.12184023 0.031328786 -0.89413905 0.24164252
465 0.21428645 -0.23721334 0.19099182 -0.87342906 -0.23497723
62 0.24373196 -0.5570042 0.33326092 -0.90138936 -0.6003359
546 0.4223284 -0.028977972 0.17180799 -0.7971593 0.24690926
76 0.7092534 -0.098857135 0.66870826 -0.6652682 0.29172757
192 0.023307307 -0.14864765 0.26267874 -0.8891625 -0.33350617
294 -0.2061331 -0.20593764 0.29497278 -0.9351142 -0.14762507
126 -0.27810493 -0.1356662 0.34865728 -0.9372459 -0.51331925
9 0.1861607 -0.18566053 0.4626669 -0.832384 -0.5687028
584 0.63457394 0.18431139 0.59148574 -0.6581871 -0.16157518
909 0.5370388 -0.39851633 0.26847506 -0.8341465 -0.75683546
1037 -0.016049659 -0.3381862 0.68439597 -0.85869586 -0.5382836
951 0.30270657 0.29564995 0.62390953 -0.6977716 0.24555182
193 0.5669073 -0.45768687 -0.25169662 -0.9248162 -0.5920218
643 0.054826453 -0.28664055 0.07828199 -0.9364069 -0.3922708
342 -0.09265148 -0.15392603 0.35224897 -0.9011689 -0.4804205
96 0.14188851 0.09049332 0.61611784 -0.76251286 0.03888265
247 -0.10759311 -0.14722884 0.38701054 -0.89547855 -0.43491986
731 0.30074346 -0.4281017 0.63621914 -0.79975116 0.3776304
1175 0.51653713 -0.58913046 -0.28483522 -0.95247084 -0.23293605
388 -0.18162814 -0.030048175 0.52997136 -0.8656575 -0.26626226
502 0.024268115 -0.14164391 0.3068386 -0.87417793 0.0060191355
282 0.22152609 -0.33891055 0.50447816 -0.85256803 -0.92659837
339 0.032330208 -0.01607138 0.34620988 -0.85911417 -0.6354986
333 0.05931078 -0.12172485 0.74629766 -0.8060078 -0.7662005
595 0.14609063 0.2731463 0.45872098 -0.76450413 -0.07956442
525 0.2408624 -0.6304966 0.26103017 -0.9282201 -0.6700631
1088 0.3510174 -0.61984545 0.17108274 -0.930094 -0.94503754
545 0.072812654 -0.10403477 -0.08263583 -0.93428123 -0.39354602
480 -0.1498432 0.086374976 0.61485916 -0.8283331 -0.26157418
186 0.20372796 -0.18694678 0.09805292 -0.88270795 -0.14341629
825 -0.39437833 0.024935288 0.67509073 -0.8707778 0.2137943
883 0.7691776 -0.2960875 -0.3396328 -0.87905616 -0.67787755
979 0.43664843 0.039560556 0.39223644 -0.7488492 0.03544727
386 0.2508167 -0.09886603 0.5908347 -0.7837671 -0.52669656
86 0.3504837 -0.26111573 0.5050418 -0.8007816 -0.43395814
127 0.16048577 -0.5002639 0.13707797 -0.95437026 -0.9345013
730 0.060916618 0.09002204 0.5373365 -0.79937553 -0.36141837
848 -0.012876519 -0.4136041 0.41870463 -0.9143317 -0.54597527
42 0.10979316 -0.10443809 0.42264944 -0.8418663 -0.55631006
966 0.17818387 -0.028304948 0.40651396 -0.8195078 -0.5755619
1105 0.45162684 0.19912457 0.46325758 -0.710016 0.12125541
85 0.14353943 -0.057491206 0.66308105 -0.7744548 0.15661742
950 0.3017018 -0.30910978 0.10438633 -0.90344864 -1.0005147
522 0.3837996 -0.02303743 0.26764694 -0.7893187 0.12335843
1222 -0.11948116 -0.27057403 0.64882433 -0.8762238 -0.59015906
306 0.45903626 -0.43952677 0.2553104 -0.8599771 -0.8183673
144 0.15907201 -0.05819396 0.4316803 -0.810516 0.18368186
1084 0.9684228 0.41912585 0.66375643 -0.54856193 -0.2070188
8 0.28541526 -0.24682258 0.55759895 -0.8084839 -0.6859487
364 0.09403206 -0.08977448 0.24045925 -0.8809228 -0.80712736
892 0.07186635 -0.25391454 0.6722206 -0.824003 -0.2819899
527 0.43944332 -0.19381179 0.38101885 -0.7999181 -0.6678028
1209 0.41915876 0.19152372 0.49982727 -0.71501416 -0.13952877
964 0.15773831 -0.29369733 0.34406355 -0.8865152 -0.96896607
172 0.35815623 -0.24750286 0.4962579 -0.79930276 -0.48847857
302 0.037655476 -0.4082742 0.47472072 -0.8874671 -0.2695968
152 -0.23665522 -0.119997695 0.61613804 -0.8835135 -0.63457674
180 -0.23806812 -0.18494184 0.7424335 -0.86855876 -0.41352868
1232 0.2689487 -0.39697745 0.4323054 -0.8673911 -0.9894129
963 0.37287337 -0.16352765 0.5920065 -0.77993226 -0.9052437
67 -0.076873265 -0.31087023 0.58500516 -0.8828677 -0.54208744
918 0.30587277 0.21618633 0.41583064 -0.75006604 -0.25470352
642 -0.26448035 0.10834196 0.36238596 -0.9001223 -0.68050647
88 -0.015617313 -0.24186535 0.66269934 -0.8405501 -0.2595807
955 0.14600292 -0.289165 0.6447585 -0.82565016 -0.5650724
255 0.4051859 -0.36398318 0.64788777 -0.7904175 -0.7339013
657 0.41650954 -0.49706647 0.45405173 -0.83956844 -0.704046
445 0.16042864 -0.4512549 0.19537528 -0.9339423 -0.8895099
989 0.053768177 -0.12326291 0.4884746 -0.8415467 -0.4350205
423 0.27762374 -0.17752394 0.34523425 -0.82456446 -0.19592856
1220 0.29831707 -0.23776186 0.55909884 -0.8135117 -0.97398764
366 0.4187025 -0.55578 0.37433395 -0.87134045 -0.95833534
567 0.5214505 -0.5156161 0.5156597 -0.8062663 -0.48827422
338 0.2394198 -0.0824192 1.2103876 -0.68476266 -0.5201148
698 0.091256276 -0.0044423803 0.12616515 -0.8779776 -0.38587537
32 0.7072703 -0.44744208 -0.019358648 -0.8537529 -0.5608576
960 0.2579158 -0.62212914 0.40157565 -0.90201837 -0.75419414
957 0.68729514 0.5413364 0.7166701 -0.57732606 -0.19870165
635 0.452474 -0.40568808 0.69460756 -0.7647669 -0.1981057
929 0.37834233 -0.14793396 0.20536637 -0.8369333 -0.73724824
176 -0.19906865 0.03257056 0.799208 -0.81848454 -0.43236187
1060 0.2695239 -0.05903473 0.7064874 -0.7442376 0.03734001
504 0.31652775 -0.26837406 0.44490635 -0.8140521 -0.25538343
434 0.23934563 -0.2615949 0.39346865 -0.85551333 -0.9072074
12 0.050816633 -0.47387418 0.9205571 -0.8310302 -0.67083436
5 0.16372238 -0.33744588 1.0163113 -0.7721237 -0.6751131
1282 1.0254236 0.35856387 0.7555345 -0.53086776 -0.1646894
1081 -0.09224188 -0.49455467 1.0060014 -0.85633135 -0.88330305
387 0.07079473 -0.4167231 0.82674795 -0.83565766 -0.74010587
1090 0.48284492 -0.2919683 0.4550491 -0.80393785 -0.9697952
967 0.15313397 -0.37803137 0.5755833 -0.8633132 -0.9953655
784 0.6969164 0.14800043 0.5471137 -0.6550078 0.11120982
971 0.40239066 -0.21079136 0.6457502 -0.7607943 -0.5023768
1213 0.36335284 -0.25528044 0.74592656 -0.7582053 -0.4965408
961 -0.044457715 -0.2718593 0.7415004 -0.86431766 -1.1429917
309 0.17913698 -0.87665045 0.96187633 -0.85566264 -0.4215283
460 0.13928133 -0.08976559 0.6616606 -0.784387 -0.11833291
221 0.49268743 -0.31960332 0.43065703 -0.81128675 -1.0140018
138 -0.012643557 -0.3640822 0.6836883 -0.8555833 -0.2749303
548 0.15074117 -0.21204245 0.8480479 -0.78571206 -0.7989798
518 0.58043015 -0.37551838 1.17223 -0.6602116 -0.2687836
801 0.489803 -0.39134505 0.7670009 -0.7619556 -0.8194521
454 0.4327285 -0.44337144 0.8025481 -0.7803618 -1.0039907
60 0.2501884 -0.42317873 0.76490617 -0.8121963 -0.78552234
650 0.23731467 -0.61114025 0.7469744 -0.84695935 -0.7733853
553 0.55964226 -0.6206008 1.0479032 -0.74321383 -0.8844807
84 0.2064693 -0.581913 1.0737098 -0.79869753 -0.8185619
264 0.27744117 -0.26276216 0.8591012 -0.75983965 -0.55944556
767 0.6377317 -0.42932346 0.7727641 -0.74897367 -1.1267132
632 0.16935372 -0.568103 1.0473917 -0.8014182 -0.6261252
956 0.4602177 -0.80480987 0.9898716 -0.8103537 -1.0963544
903 0.6903424 -0.8412225 0.76668924 -0.79859066 -0.9129941
743 0.25793076 -0.6881137 1.06731 -0.8008392 -0.6553981
693 -0.027759619 -0.31562915 1.1363697 -0.7919694 -0.79103106
284 -0.04621793 -0.48462713 0.9491345 -0.84510726 -0.55374813
1076 0.64048785 -0.870616 1.6667441 -0.6811249 -0.9133245
1094 0.92344123 -0.7453032 1.377034 -0.6601635 -1.1184125
1235 0.4899472 -1.2610323 1.2909207 -0.81439495 -0.5521543
1273 1.3352009 -1.0123247 1.3808649 -0.59193987 -0.20503536
1267 0.97457284 -0.5953647 1.9305798 -0.5415992 -0.84140277
225 1.1106675 -1.0306964 1.4486594 -0.6319058 -0.39532757
1062 0.7718091 -1.2710165 2.1466217 -0.640692 0.09860352
382 0.87771523 -0.73192585 1.3960282 -0.63184583 -0.44045395
1230 0.89933896 -0.7859382 2.3448503 -0.515129 -0.21702817
852 1.1318355 -1.3138846 1.9126662 -0.65329266 -0.77439034
1231 0.24906532 -1.0695798 1.6880447 -0.8249403 -1.5542011
1075 1.5929554 -0.8755215 2.2940223 -0.4524413 -0.6421678
913 -2.148546 -0.20419538 1.2107494 -1.5094632 -2.2456863
1233 -2.6045158 0.05237951 1.9393175 -1.4424452 -1.965243
1275 0.40044984 -1.3932323 1.0891565 -0.91515446 -1.0640752
1226 1.3966829 -0.7372735 2.4734266 -0.41342047 -0.140622
858 1.2936985 -1.1233242 1.7848669 -0.5854141 -0.5160825
459 0.121073484 -0.31355807 0.98585665 -0.78598344 -0.7423753
914 0.27837592 0.9437004 0.334573 -0.6664554 -0.053723406
1271 0.09746879 0.4080181 0.41232672 -0.7570898 0.21541858
