1284 5
589 1.249931 -0.32255077 0.13694069 -0.77366257 -0.015145685
1226 1.2143074 -0.42548552 -0.06396836 -0.41894248 -0.12914126
104 1.1248157 -0.2361644 -0.1844551 -0.6296883 -0.60099083
113 1.3792427 0.07323959 -0.41235644 -0.6873383 -0.5605327
169 1.1358984 -0.11632981 -0.007046175 -0.91684294 -0.5491188
620 1.1760641 0.08026646 -0.0916337 -0.7162486 -0.5593293
506 1.2188263 0.18529825 -0.28088576 -0.5956876 -0.7169596
326 1.0733633 0.002315473 -0.04725535 -1.003811 -0.8279007
553 1.2816387 -0.27154136 -0.2469918 -0.26455662 -0.2158494
444 1.2179067 -0.22304195 0.03208489 -0.6821141 -0.18347023
322 1.0081775 -0.20479117 0.12198726 -1.0534693 -0.67571115
137 1.3232642 -0.38703647 0.049043424 -0.7876634 0.022394903
559 1.1393905 -0.018628158 -0.35364556 -0.65334797 -0.90274817
528 1.0326855 -0.65263784 0.2730209 -0.3826366 0.00141733
662 1.2902527 -0.23453324 -0.015088066 -0.7225831 -0.11991256
133 1.0847837 0.1760841 -0.09111288 -0.8904873 -0.87052417
276 1.0985566 0.23894876 -0.18666837 -0.7725948 -0.96180326
41 1.2604505 -0.13429151 -0.25738645 -0.5689033 -0.44515163
389 0.9675394 -0.27937365 0.40512678 -0.9176749 -0.31167987
319 1.0225716 0.06381368 -0.005407038 -0.5699655 -0.68411213
252 1.0926611 0.22965705 -0.06570318 -0.7727325 -0.8045943
568 0.83943355 -1.0777994 0.16534482 0.06473091 -0.28843573
127 1.166681 0.19020376 0.0005436141 -0.57489395 -0.45518404
243 1.0510623 0.1637239 -0.09046189 -0.8203746 -0.91068256
78 1.014258 -0.08916544 0.05219168 -0.5374121 -0.5397253
254 1.0858 0.08340726 -0.18560775 -0.70927393 -0.8584653
403 1.1650852 -0.0097615905 -0.2681957 -0.53656965 -0.68265873
29 1.1912265 0.14701591 -0.23840635 -0.7593435 -0.77416754
40 0.75437677 -0.9802872 0.042620175 -0.13412692 -0.63371944
129 1.2590921 -0.19890667 -0.20753983 -0.5732731 -0.36081374
323 1.2660885 -0.2370121 -0.34682986 -0.7677818 -0.6146935
225 1.2533046 -0.5074799 0.012262859 -0.6407841 -0.03991455
755 1.1745639 0.062159296 -0.11534913 -0.4443829 -0.4754775
790 1.3425397 -0.04135097 -0.40004155 -0.49929237 -0.47320107
626 1.2618891 -0.1980534 0.47707155 -0.3478824 0.42657828
673 1.1995149 0.007573381 -0.06112006 -0.6249594 -0.39712012
681 1.1009568 -0.35115173 -0.47689506 -0.62673724 -0.99929035
793 1.0070642 0.33819354 -0.026712455 -0.7714814 -0.9934205
439 1.0196897 0.34015864 -0.04256672 -0.78234214 -1.0012798
738 1.047647 0.13207193 -0.092238255 -0.87250066 -0.90905625
485 0.87501246 -1.0297177 -0.028414 0.1185785 -0.43581396
955 1.2486712 -0.20113452 -0.2107549 -0.6805467 -0.4320518
427 1.0613542 0.2825299 -0.042042714 -0.7924167 -0.87166226
200 1.0641721 0.27704656 -0.13198696 -0.6352104 -0.917377
53 1.0320656 0.2678385 0.0045034117 -0.83042425 -0.87645346
742 1.197501 0.34546685 -0.13979587 -0.7331254 -0.7300794
411 1.0172696 -0.5895853 0.36996564 -0.8484929 -0.13310297
675 1.0709115 0.4173366 -0.033434737 -0.67681795 -0.88771015
207 0.80881375 -1.1435072 -0.107189395 0.27001864 -0.65589654
372 1.1356642 -0.4096768 0.10831588 -0.62076324 -0.15227874
369 1.1073748 -0.47398356 0.40652975 -0.44819272 0.18949392
299 1.0474286 0.21199854 -0.0709428 -0.834343 -0.9152557
30 1.1338592 0.3392581 -0.23898299 -0.6323524 -0.9605613
185 1.0216074 -0.5236731 -0.016217137 -0.87448615 -0.62231505
498 1.330472 0.005820371 -0.39019376 -0.74689126 -0.62468314
233 0.8245383 -1.2333786 0.059567653 0.24914801 -0.4542317
126 1.2896336 -0.08300245 -0.32388535 -0.5099331 -0.467706
625 1.1969876 0.2776141 -0.10645442 -0.7316956 -0.6440752
856 1.1064271 -0.35265654 -0.1848276 -0.78519726 -0.67328805
672 1.0207967 -0.5677791 0.08019354 -0.9856086 -0.55357486
90 0.87689394 -0.38826618 0.4570698 -1.2137172 -0.5750462
283 1.0987139 -0.09352817 -0.35121006 -0.65645504 -0.9469602
417 1.2769554 0.14821813 -0.2710508 -0.64649993 -0.5902142
663 0.7399948 -1.0396531 0.1033452 0.2826355 -0.63112307
803 0.9623597 0.3155827 0.10744198 -0.7800017 -0.89516664
725 0.6659173 -1.086246 0.21060361 0.15300505 -0.6018915
668 0.7846649 -1.3153754 0.2018187 0.6213274 -0.7271501
676 1.092303 -0.23346902 -0.49184793 -0.5921578 -1.0695361
659 0.75362396 -0.8942998 0.17566916 -0.1126487 -0.5055288
266 1.0410225 0.26368052 -0.08191041 -0.74753124 -0.94673276
140 1.1155772 0.11011096 -0.18527293 -0.61287564 -0.7687098
318 1.1741226 -0.3595461 0.48152834 -0.349507 0.3598719
171 1.0180771 0.25367305 0.0015298572 -0.84015834 -0.90045995
649 0.8670233 -0.50654364 0.37553462 -0.5132707 -0.27533945
213 1.1126481 0.2630297 -0.13380274 -0.74345124 -0.8598482
294 1.1914698 -0.25945696 0.5420406 -0.31941855 0.40467787
573 1.1896154 0.049096696 -0.23031192 -0.6016084 -0.6462847
34 1.2429132 0.09892712 -0.2361557 -0.7520721 -0.63962805
239 1.2583169 0.052003954 -0.36083883 -0.68285793 -0.7176191
106 1.0773096 0.36918125 -0.018949466 -0.8455492 -0.89459795
385 1.0072712 0.27526575 -0.033606943 -0.797864 -0.9639003
747 0.5987305 -0.9942356 0.20676042 -0.016121514 -0.7485791
796 1.2012546 -0.1850876 0.50400144 -0.44774243 0.34345543
852 1.2388994 0.13645338 -0.1577493 -0.64592075 -0.51324135
600 1.0158725 -0.530932 0.21230894 -0.43278873 -0.14715044
800 1.1684141 0.11600718 -0.14375865 -0.6735419 -0.64133656
259 1.4314784 -0.0436484 0.26168713 -0.8627121 0.31049266
141 1.0500472 0.37394485 -0.11434855 -0.79297626 -1.0526394
706 0.8791145 -0.892702 0.30460143 -0.43947142 -0.20247717
783 0.61399966 -1.0280931 0.16772932 0.23265107 -0.81350255
165 1.0441515 0.2958236 -0.124302216 -0.7948024 -1.0329846
373 1.0191208 -0.62089413 0.506652 -0.8734765 0.02081161
431 0.96047753 -0.2050871 0.03475276 -0.73683417 -0.70719385
143 1.0648316 -0.41983742 0.10157659 -0.4994383 -0.23316385
229 0.99333936 -0.5493424 0.54446614 -0.87777525 -0.005493047
357 1.1068621 -0.070809565 0.73727477 -0.49264687 0.33254987
782 0.70256126 -0.97447485 0.22896752 -0.059633993 -0.512424
584 1.2006987 -0.49220195 -0.15632284 -0.36402568 -0.22348769
756 0.9999862 0.24424 0.0599083 -0.79221123 -0.83481604
475 1.2960182 -0.28286323 0.30622396 -0.710855 0.26507854
501 1.3095062 0.0047651366 -0.37253916 -0.6775704 -0.61466676
762 1.3272398 -0.08951496 -0.39646745 -0.6665586 -0.5599765
216 1.038483 0.3668421 -0.077831365 -0.60783905 -0.9494536
807 1.0228357 0.3446383 -0.0155645 -0.81422067 -0.95834506
193 1.280414 -0.2893024 0.30940995 -0.71548253 0.2377765
47 0.6241711 -1.0387852 0.23684971 0.03557451 -0.65733933
699 0.978393 0.18509342 -0.007842038 -0.7942527 -0.9529034
242 0.9001912 -0.21579428 0.29334512 -1.0653353 -0.68891424
456 1.2530208 -0.4074561 0.3383946 -0.467554 0.34357333
798 1.2803695 -0.010605884 -0.2336106 -0.66865295 -0.47122735
148 0.8423953 -0.39974478 0.5353581 -1.106837 -0.47710693
101 1.080321 -0.58734876 -0.19723852 -0.61149514 -0.5814635
773 0.9928059 0.3264773 -0.015517903 -0.5576746 -0.909442
187 0.8951459 -0.40623176 0.48479185 -0.9629345 -0.3412423
624 1.0048636 -1.1124752 -0.08756937 0.012246331 -0.2581335
157 1.2639587 -0.37022954 0.17826156 -0.62209696 0.13420896
230 0.70353246 -1.0402226 0.1713675 0.15709947 -0.57387847
272 1.1854551 0.1228961 -0.18586642 -0.7068663 -0.67630696
312 1.0332754 0.37923753 0.041975208 -0.6617657 -0.8325958
401 0.9415719 0.23223263 -0.047871903 -0.7169545 -1.0853503
114 1.2353886 -0.046435535 -0.30741352 -0.71104217 -0.6644678
514 1.0755343 0.13478798 -0.019425683 -0.6668152 -0.6724868
556 1.2607373 0.03704074 -0.22182389 -0.66396517 -0.50476766
655 1.1420188 -0.16327989 0.56317616 -0.49359947 0.28166825
1035 0.9976871 0.16270888 -0.02954468 -0.813262 -0.9300114
80 0.9637561 -1.0667245 0.025500288 0.208395 -0.21744284
426 1.1092597 0.16321674 -0.05741832 -0.79961824 -0.7353518
1037 1.2675059 -0.51291543 -0.19143458 -0.27996704 -0.11330494
360 0.980881 0.26928014 -0.059723876 -0.70837486 -1.0243433
46 0.95174956 -0.13754143 0.17034677 -0.9113918 -0.67924106
269 0.61359626 -1.0872033 0.16445424 0.36484158 -0.9282825
361 1.279913 -0.25411543 0.36925638 -0.7644484 0.26900375
628 0.82371604 -0.6404264 0.7475286 -1.2493439 -0.2938545
552 0.9728033 0.24668695 -0.0577208 -0.5241324 -0.9490881
799 0.99546987 -0.7360233 0.22769111 -0.5619146 -0.15737064
400 0.8981978 -0.56563866 0.6646244 -1.0948745 -0.16030937
582 1.0067148 0.16273737 0.0026769296 -0.77536196 -0.84219706
724 0.7982341 -0.47380862 0.6409295 -1.1728714 -0.4575986
667 0.5492758 -1.02854 0.2343749 0.053793833 -0.82121915
466 1.2277844 -0.14998642 0.6030347 -0.272389 0.46615973
629 1.0759703 -0.87401307 -0.22342257 -0.8588301 -0.6956163
532 0.9815457 -0.57979804 0.46142697 -0.414433 0.077857345
97 1.101255 0.3135928 -0.03680485 -0.7298944 -0.7643028
507 0.99069047 0.05124625 -0.018694643 -0.6535062 -0.7945373
281 0.8409321 -1.3208777 0.21909742 0.6713606 -0.6045423
8 1.3734895 -0.43138295 -0.10981345 -0.20160107 0.15219241
707 0.5711664 -1.3201288 0.3777413 0.6470627 -1.0762033
521 0.99777484 0.27406338 -0.07402508 -0.69943184 -1.0104011
513 1.0287471 0.3473731 -0.12703662 -0.55674803 -0.99358547
446 1.0545986 0.22653612 -0.015282688 -0.71157026 -0.78133714
37 0.71402454 -1.0447133 0.60193175 0.10455159 -0.35488626
25 0.8271515 -0.5989185 0.7411544 -1.1881655 -0.26458427
839 0.59217 -1.0157099 0.11723905 0.29669115 -0.92850095
23 0.9884257 0.3230298 0.051959142 -0.7459177 -0.9110043
136 1.1666446 0.057514958 -0.21090716 -0.7043866 -0.7049117
454 1.3631988 -0.105080925 -0.37902847 -0.4898582 -0.387162
275 1.1287367 -0.43606713 -0.09797774 -0.59443426 -0.3862263
407 0.98290896 0.27666074 -0.061077565 -0.52110463 -0.93954563
277 0.556283 -0.5268962 0.630793 -0.4129383 -0.5552927
300 1.1395037 -0.15123801 0.68258566 -0.36681935 0.38070646
448 1.0922161 -0.25403145 -0.13885377 -0.48168373 -0.53048736
63 1.0365573 0.33230355 -0.09042954 -0.5437891 -0.91966546
402 1.0361099 -1.0473843 0.36159694 0.2166531 -0.010174149
224 1.0008236 -0.2520369 -0.28790966 -0.67516154 -1.0037884
17 1.300515 -0.5334372 -0.2269036 -0.3622143 -0.11622525
433 0.9887835 0.13541263 0.007988231 -0.7427728 -0.8363199
81 1.3164997 -0.17030454 0.36363137 -0.75206536 0.29949465
937 0.9418304 0.12482362 0.029816924 -0.6709491 -0.8724217
639 0.6347935 -0.98869103 0.21009697 0.06607145 -0.67278063
1235 1.4885699 -0.4998192 -0.2270218 0.031719163 0.048811983
1206 0.8929768 -0.2891095 -0.0060884343 -0.718966 -0.8612082
916 0.9699179 0.31821194 -0.01766356 -0.47705674 -0.9278802
301 0.9784862 0.17389728 0.027250512 -0.7237941 -0.8532601
722 1.3007232 -0.70034546 0.17083451 -0.7956302 0.20212726
195 1.0644417 0.0056108423 0.8140841 -0.4994098 0.2898598
749 0.7142154 -0.7983763 0.45847833 -0.34551954 -0.3344396
822 0.95491666 0.18132627 0.054171316 -0.69221336 -0.857044
603 1.013025 0.23240648 -0.024271874 -0.55929863 -0.8145408
736 0.96115166 0.15821339 0.07023793 -0.7101771 -0.8153178
291 0.83406806 -0.30321136 0.046594553 -0.70339525 -0.8935965
544 0.8266304 -0.66449976 0.71007925 -1.19075 -0.2917258
174 0.7371433 -0.5907405 0.45962352 -0.98904175 -0.6325109
378 1.1760896 0.11202804 -0.19900037 -0.697596 -0.70459193
640 1.2900198 -0.6751785 0.013629491 -0.7944318 -0.0032437649
132 1.0257725 -0.12255136 0.06072855 -0.7011146 -0.5561457
43 0.98813176 -0.3286475 0.4488003 -0.8467376 -0.17054354
203 0.96051353 0.101752974 -0.011887378 -0.69472575 -0.8840522
791 1.1068726 -1.0293367 -0.14710964 -0.6578256 -0.39546803
198 0.9497525 0.12170719 0.1585027 -0.62333006 -0.6790326
867 1.2163073 -0.14009531 -0.32375428 -0.6699943 -0.6615591
657 1.119995 0.1741119 -0.06430256 -0.6267086 -0.64465576
74 1.0292252 0.01868209 0.1702079 -0.7466068 -0.49949127
223 1.0496085 0.1363957 -0.12210793 -0.64574003 -0.85309976
138 1.3325013 -0.56401694 0.18599868 -0.7639729 0.25498608
567 1.0464468 0.18268806 -0.07519065 -0.61139643 -0.8061966
236 1.1464255 0.13344052 -0.29109243 -0.69365436 -0.9050463
888 1.1831918 0.1830894 -0.3305415 -0.5865194 -0.8550259
284 1.312992 -0.14809135 0.4186985 -0.3187808 0.44782987
561 0.98912996 0.19451651 0.12936966 -0.68121445 -0.6913641
897 1.0782423 0.30349392 -0.18225235 -0.5365857 -0.9318468
425 0.6103518 -1.1463573 0.195874 0.40222964 -0.9284741
398 1.0328377 0.03686173 0.054367643 -0.6529847 -0.60516113
62 1.0831718 0.30125856 0.070774905 -0.6903606 -0.64535123
358 0.93753844 -0.8299457 0.23466003 -0.6138483 -0.25527403
777 1.1919839 -0.060446203 0.6668685 -0.3367788 0.40603074
131 0.59777164 -1.2198182 0.4139063 0.64986956 -0.98264354
956 1.4311932 -0.6851824 -0.10764117 -0.023822222 0.109586276
1231 1.4714102 -0.6341321 -0.19563514 -0.0056382474 0.06414441
367 1.152695 -0.00052554853 -0.21104021 -0.7172909 -0.71938413
815 1.0460966 0.016651284 0.8034018 -0.52655894 0.25608203
271 0.6355399 -0.5793029 0.5644054 -0.23988013 -0.413067
231 0.92359394 -0.8377541 0.2337253 -0.6178643 -0.2800299
493 0.77021354 -0.5867927 0.73934877 -1.1890566 -0.37688038
488 1.2241896 0.04361198 -0.30211112 -0.66210294 -0.6964284
228 0.6009445 -1.3058388 0.3749372 0.7440204 -1.0629816
901 0.97384083 0.25370938 -0.020245101 -0.55047363 -0.90118986
188 1.1191428 0.33530262 -0.25693998 -0.72540957 -1.0480238
515 1.1272527 -0.008838771 -0.18414725 -0.6266305 -0.68818444
572 0.9187837 -0.9561759 -0.31452495 -0.65678096 -0.99420244
212 0.8914366 -0.5524792 0.73706836 -1.0580938 -0.0784212
341 0.8546722 -0.3836421 0.42566407 -1.1386079 -0.6066046
302 1.2699409 -0.17221047 0.5501174 -0.26339006 0.48908654
424 1.3091546 -0.36311415 -0.09465038 -0.7370641 -0.14934307
130 1.0615536 -0.058363292 0.78693706 -0.5562293 0.28673917
28 1.2833892 0.24460916 -0.15194215 -0.7602558 -0.5260367
936 0.97912174 0.17742656 -0.02813788 -0.62879837 -0.89369375
458 0.97388583 -0.41351017 0.40783274 -0.7913402 -0.19039391
54 0.95402145 -0.009447176 0.186174 -0.67089015 -0.59140956
7 1.2935902 -0.5674354 -0.068032354 -0.36811426 0.06388367
248 1.2953159 -0.15501887 -0.13806005 -0.75601006 -0.3065437
601 0.8094237 -0.25140652 0.42993224 -1.146519 -0.7453094
623 1.0666525 -0.42192903 0.49237472 -0.43343604 0.19820157
73 1.0315388 0.14421798 -0.15041937 -0.6777859 -0.9441992
265 0.7720402 -0.46107808 0.49491188 -1.1511618 -0.6638324
20 1.5566963 -0.47358036 -0.015899755 -0.5363179 0.46877152
841 0.6577926 -1.2796 0.3041255 0.7496466 -1.0274419
1117 0.95267195 0.108853504 0.056037467 -0.6538019 -0.80302817
420 1.215865 0.016155902 -0.29144588 -0.682172 -0.69742745
531 1.1481907 -0.43270063 -0.15797623 -0.5074583 -0.39384556
651 0.7885166 -0.5325201 0.7509414 -1.1234725 -0.30111545
352 0.78881204 -0.49490827 0.6394703 -1.2309736 -0.5091874
765 1.0141973 0.10070952 0.034303844 -0.7215734 -0.7248314
410 1.156826 -0.15502152 0.5905904 -0.3382197 0.3414169
558 1.0122076 0.3269273 0.07846704 -0.5901273 -0.7579324
128 1.0046597 -0.011810674 0.09452287 -0.69983387 -0.61642474
349 1.041235 -0.51691777 0.12194219 -0.23771024 -0.14068279
729 0.98269224 -0.118141964 0.079313345 -0.66319644 -0.5985775
320 0.58597517 -1.209902 0.3871264 0.58161855 -0.9749774
606 0.82289445 -0.52277833 0.71536934 -1.116227 -0.27536187
483 0.78131026 -0.5480095 0.7411649 -1.1493952 -0.3352302
786 0.9488389 0.2082247 0.062995285 -0.5320287 -0.8121534
36 0.72645247 -0.5969514 0.4684757 -0.9595228 -0.6284518
598 1.1011149 -0.19502902 -0.25911745 -0.61972976 -0.7505194
594 0.93141085 -0.76219314 -0.22619732 -0.61125 -0.85786706
313 1.0353497 -0.1726297 -0.3796005 -0.6850425 -1.102484
240 0.9587209 -0.7778105 -0.2574708 -0.6713485 -0.89595336
752 1.0079938 0.22421926 -0.0009829141 -0.7153697 -0.85122395
293 1.0668862 -0.024270987 0.7975004 -0.5323649 0.29000738
363 0.728101 -1.2795876 -0.02718323 -0.04845584 -0.70685077
412 1.0542343 0.058339037 -0.009634957 -0.7833972 -0.72177625
687 0.8901609 -0.37302056 -0.045974456 -0.69041693 -0.87829894
12 1.3509605 -0.3490806 -0.25314832 -0.2039108 -0.069146335
477 0.7228773 -0.8262109 0.68404007 0.113559894 -0.30133143
336 0.76511306 -0.4239912 0.70465875 -1.1252775 -0.43477696
16 1.2723216 -0.47597682 0.016520526 -0.1727203 0.13424201
697 0.77349895 -0.5296683 0.72683233 -0.9155364 -0.23838863
149 1.0171423 0.130865 -0.014969698 -0.6948018 -0.80154055
256 0.62191427 -1.5766126 0.41945198 0.6770946 -0.95742524
709 0.99943185 -0.70060134 -0.42975512 -0.688599 -1.0783794
154 0.96575636 0.28107297 0.077131115 -0.5244836 -0.80262226
788 1.1656936 -0.078905635 0.5319264 -0.75432 0.1889995
763 1.1713843 -0.13241148 -0.11212093 -0.65339345 -0.4653439
190 0.88035035 -0.20274416 0.38863736 -0.9115149 -0.52245045
491 0.944253 -0.37672868 0.42689294 -0.7021512 -0.19832404
596 1.0062053 0.010492593 0.058717813 -0.66956884 -0.6501889
6 1.3269818 -0.5009082 -0.05462178 -0.15452556 0.17072582
630 1.12534 -0.001538532 -0.115864 -0.6482154 -0.6191421
92 1.0144387 0.1608699 0.030617977 -0.70207876 -0.7557881
355 0.600761 -0.7251496 0.40450495 -0.24561581 -0.606059
1000 1.0070765 0.203522 0.006299488 -0.7127064 -0.85105884
443 1.0411266 0.0869634 0.04362009 -0.6150815 -0.6250702
693 1.5176363 -0.49619654 0.084600314 0.009683822 0.36514732
468 1.0051008 0.2928328 0.13028184 -0.6707977 -0.7150414
393 1.0658226 0.09534814 -0.0033754257 -0.76238585 -0.7020296
257 1.0837352 0.007992449 0.75337005 -0.444501 0.27987882
607 0.924251 -0.7238033 -0.15135163 -0.62429905 -0.79189086
459 1.3832042 -0.5140541 -0.21362185 -0.3255088 0.044763673
445 1.3498768 -0.876704 -0.26466385 0.089478604 -0.14054874
24 0.8031006 -0.55903107 0.83183634 -1.2090594 -0.23936707
346 1.2405874 -0.3253557 0.6242991 -0.87445253 0.43531102
147 0.96693677 -0.78643674 -0.3846463 -0.68236536 -1.052468
823 1.0965179 0.03080985 0.83531564 -0.44158703 0.34155196
612 0.98314613 -0.45001513 0.40978506 -0.8685524 -0.20041645
772 0.88075966 -0.55668366 0.63491 -1.1350499 -0.26196843
789 0.99480456 -0.71803427 0.17433651 -0.35466176 -0.15088403
502 0.90732455 -0.5264526 0.1490994 -0.66778076 -0.5225721
597 1.0018868 -0.013257369 0.087204054 -0.69174 -0.6196763
139 1.0427724 -0.9085916 -0.3231687 -0.7409381 -0.8207132
22 0.844816 -0.58157235 0.6803158 -0.95819986 -0.16051196
636 1.5005865 -0.060621582 -0.10203461 -0.9086542 -0.0014717074
1004 0.7788195 -0.53774154 0.6128699 -1.1150359 -0.46998098
871 0.5679893 -1.2332474 0.44427657 0.63308316 -1.0114056
1018 0.94249797 0.13982895 0.07187761 -0.6754351 -0.8277405
614 0.5833091 -0.82852113 0.30162072 -0.19799092 -0.7301079
922 0.7047634 -1.4512277 0.25012463 0.75268847 -0.96350765
335 1.004543 0.08669941 0.10400706 -0.71866506 -0.65703446
801 1.2710199 -0.015236205 -0.28373095 -0.6695449 -0.5576972
315 0.7965713 -0.34383672 0.67803663 -0.82073015 -0.26711425
961 1.4817405 -0.78902185 -0.2121646 0.1742443 0.11278791
957 1.0143507 -0.45093212 -0.10228725 -0.49700308 -0.5687671
825 0.78354424 -0.51168984 0.68559843 -1.0773712 -0.37255403
250 1.2849432 -0.122884445 -0.14788489 -0.53342474 -0.254577
610 0.9056906 -0.89776975 -0.25109097 -0.6408919 -0.93387693
287 0.6580679 -0.76395416 0.48386955 -1.0056685 -0.74212664
670 1.0599859 -0.11205346 0.16201143 -0.7030115 -0.37850317
769 0.7837114 -0.47736022 0.5558309 -1.1230791 -0.55210173
38 1.2918223 -0.65873736 0.104396574 -0.6756523 0.15986936
719 1.0709933 -0.23578589 0.58619756 -0.6790537 0.16711207
218 1.3233082 -0.39983475 0.26093358 -0.67597914 0.31260207
1069 1.0033169 0.16453557 0.045635726 -0.68010426 -0.7648037
296 1.364641 -0.15821052 0.114946425 -0.85655415 0.059865907
713 0.9986663 -0.556233 0.21180247 -0.7663082 -0.3048302
754 1.2562436 0.046560932 -0.16931352 -0.73748654 -0.49275765
1033 0.98393863 0.45681965 -0.078417055 -0.67599255 -1.1651627
595 0.73987716 -0.7450459 0.1838392 -0.14251637 -0.55418926
617 1.1783555 -0.23489189 -0.41899922 -0.4682541 -0.72956425
177 1.0618775 0.17228849 -0.11977533 -0.6553714 -0.8406159
967 1.4382954 -0.59765327 -0.14251748 -0.14748545 0.036556765
816 1.0639617 -0.04651048 0.7584602 -0.5854198 0.2585849
743 1.3769922 0.08717172 -0.4429269 -0.66938335 -0.60316473
94 0.80654925 -0.31500706 0.5574377 -1.031295 -0.5048757
641 0.86175233 -0.05059302 0.33918 -0.92458564 -0.6861309
1056 1.0103875 0.19164865 0.015353517 -0.6603831 -0.7879682
125 0.7483404 -0.6905003 0.79218227 -1.2785008 -0.40633014
146 0.9445572 -0.810653 -0.28515747 -0.6388663 -0.92693883
234 1.0907241 -0.49780554 0.12993482 -0.5191674 -0.13704757
303 1.1440095 -0.030606145 -0.1088288 -0.6561996 -0.56089586
602 1.1012417 -0.01905485 -0.14618854 -0.6373887 -0.6987405
753 1.0295769 -1.4231012 0.00586478 0.6139912 -0.430587
59 0.86583734 -0.5317542 0.59675425 -0.79610807 -0.14955263
570 0.9758631 -0.04334485 0.13638273 -0.6591591 -0.5880675
564 1.281837 -0.7285549 0.06696218 -0.66606086 0.12310705
503 0.8840775 -0.3714318 0.5845404 -0.7874088 -0.17150761
633 1.1089743 -0.14827916 0.68510103 -0.69181263 0.28802943
932 1.0075123 0.29297745 -0.10187877 -0.6283498 -1.0019095
761 0.7937808 -0.3253524 0.5291002 -1.0001725 -0.52755654
716 1.3597956 -0.64356214 -0.20066486 -0.5708197 -0.039181504
478 0.7574155 -0.49348778 0.8038505 -1.1691703 -0.34685534
547 0.88455135 -0.5362153 0.44828442 -0.9320279 -0.34448376
31 0.90050876 -0.32371113 0.3223496 -1.0120935 -0.5790306
71 0.7666827 -0.38915312 0.5932397 -0.91695064 -0.44392
523 1.0152441 -0.5430651 -0.30407855 -0.7082736 -0.9199946
232 1.168453 -0.07453368 0.6236797 -0.38691437 0.35775524
1059 1.0155865 -0.13242364 0.6078347 -0.6016325 0.071591385
611 0.7819681 -0.45101637 0.70904547 -0.9069749 -0.25261256
295 0.9783471 -0.028280314 0.05655962 -0.5427501 -0.6389763
776 0.79776746 -0.46760905 0.51112926 -1.1505904 -0.5947849
529 1.2465707 -0.121440984 -0.058046702 -0.7399323 -0.30289194
586 1.0185467 -0.8353755 -0.1763569 -0.7673805 -0.6997039
209 1.0488416 0.20626046 -0.085132696 -0.55201954 -0.8054884
472 1.0000061 0.21898825 0.015943676 -0.7181984 -0.85616845
119 0.5555907 -1.044704 0.45260876 0.3488023 -0.89615095
925 0.956819 0.097142115 -0.009232991 -0.63650393 -0.8667366
569 1.2833121 -0.4222013 0.076741375 -0.660629 0.061425734
658 0.49843344 -1.2098433 0.5054167 0.3435216 -0.95401716
710 0.8027605 -0.3694024 0.54702425 -0.90308553 -0.4225691
653 0.7931301 -0.42539397 0.40341446 -0.8663827 -0.5805078
463 0.9123777 -0.8322491 -0.17587744 -0.6021105 -0.8146324
780 0.54218334 -0.8220149 0.33627418 -0.13997 -0.7754466
674 1.2681664 -0.70261997 0.076962784 -0.7033062 0.088014774
83 0.998565 -1.0276978 0.31648275 -0.41452223 0.049851865
1060 1.063813 -0.19296072 -0.009462203 -0.66292304 -0.5273708
5 1.3965653 -0.11953581 -0.33702195 -0.3541241 -0.20347328
819 1.128825 -0.12900695 0.5669503 -0.45389333 0.26133078
654 0.9410285 -0.5106757 0.5537115 -0.8934261 -0.11244975
342 1.3317453 0.23094344 -0.43502188 -0.6878791 -0.77433544
593 1.0172226 0.16675457 0.07864927 -0.58316135 -0.64814
778 1.197986 0.03764978 -0.29648885 -0.42501572 -0.6365948
627 1.0041165 -0.017247126 0.09875861 -0.6658775 -0.58770305
227 1.1660221 -0.38788185 0.26126504 -0.47463122 0.11051663
1055 1.0142459 -0.016928734 0.80008686 -0.54877 0.20598452
286 0.73839533 -0.5071421 0.81142044 -1.1488612 -0.3649275
226 0.74057496 -0.6673265 0.7052019 -1.1687752 -0.44833192
683 1.0761511 0.21550344 -0.011847181 -0.55394346 -0.65307564
179 0.8491825 -0.25385812 0.41560683 -0.90795326 -0.53613436
884 1.0651339 -0.10648872 -0.19575158 -0.4878332 -0.7208489
344 0.5886824 -1.2778835 0.46445712 0.53357226 -0.87714463
109 1.2341194 -0.19812971 0.52244544 -0.32554886 0.43152365
997 1.0255797 0.18497528 -0.01731486 -0.8333857 -0.8754298
251 1.0079837 -0.85157794 -0.19810635 -0.66689557 -0.68188375
388 1.0683361 0.08868355 -0.020316122 -0.60464555 -0.6372001
297 0.5444696 -0.8760014 0.24191412 -0.035885602 -0.8499941
1005 1.0221303 -0.03817217 0.80942386 -0.58474106 0.23065749
974 1.1198703 -0.5721763 0.48281255 -1.025044 0.08900133
103 0.7513931 -0.37882656 0.5482527 -1.002756 -0.5900224
1045 0.97944313 0.12042272 0.11126262 -0.5593832 -0.6432317
1130 1.0319672 -0.032313246 0.75565046 -0.45409805 0.21194535
57 1.31124 -0.75178766 0.060868938 -0.7167567 0.14424326
619 1.0439994 -0.81199306 -0.19952676 -0.7430187 -0.66704714
580 1.0876129 -0.13489777 0.6190284 -0.4559662 0.23515919
404 0.6655741 -1.3863481 0.31693235 0.59563696 -0.8765309
616 1.0243295 0.22156753 -0.033123795 -0.58159506 -0.8165687
495 1.0666687 0.38496688 -0.2001749 -0.5869363 -1.0632294
930 1.1523026 0.2933622 -0.27084923 -0.5450535 -0.8867231
289 0.8004734 -0.5209994 0.5699637 -0.937198 -0.3784482
375 1.3371525 -0.24972022 0.16309139 -0.5381858 0.23492295
1068 0.9657771 -0.15254863 0.030633 -0.64270705 -0.68167883
541 0.7588865 -0.48790196 0.6536216 -1.0029799 -0.40805805
924 0.5557461 -1.2579068 0.36103153 0.6481372 -1.1253926
260 0.80904084 -0.7163387 0.20310874 -0.722022 -0.6247236
328 0.6815108 -1.2139359 0.26045215 0.5834355 -0.9040203
167 0.96612376 -0.5310155 -0.24390882 -0.6012675 -0.8816739
481 0.99721587 0.23723303 0.030985782 -0.5361115 -0.7746392
397 1.0798845 -0.22420548 0.17365241 -0.5301594 -0.2045551
873 0.54621667 -1.0686579 0.4483396 0.4323934 -0.96181756
172 1.1279194 0.051257137 -0.16056846 -0.46556792 -0.6179984
237 1.2018316 -0.3301053 0.1962646 -0.6724943 0.01189631
450 1.3393177 -0.17648397 0.08696365 -0.8538017 -0.0012177619
123 1.0834795 -0.1874763 0.5357152 -0.5963632 0.14455006
330 1.2526389 -0.16057418 0.17386854 -0.8069672 -0.039964683
274 1.1351124 -0.27771118 0.54819053 -0.696085 0.2404377
117 0.5900359 -1.0504644 0.3927041 0.26883784 -0.8530034
382 1.4401846 -0.7690947 -0.45243797 -0.13875215 -0.008993697
805 1.1475978 -0.47316208 0.25373238 -0.82721287 -0.04348444
940 1.2463776 -0.14954795 0.1839237 -0.8129919 -0.045766953
785 0.6942725 -0.66573477 0.49319056 -0.92239964 -0.6220667
792 1.0492468 -0.66349167 -0.16496994 -0.74942327 -0.6582835
998 1.0280348 0.41905925 -0.12556306 -0.5967817 -1.0690768
613 1.1046147 -0.3673586 0.6408528 -0.79576886 0.27128196
253 1.1673576 0.21586008 -0.28248936 -0.56884134 -0.8458981
537 1.050395 -0.8256403 -0.1861494 -0.8826926 -0.7279129
395 0.5642175 -1.1713715 0.43814301 0.5122184 -0.95320344
806 0.8733031 -0.5177461 0.5509278 -0.8523375 -0.21338838
745 0.88487184 -0.401811 0.45322952 -0.8279852 -0.32471776
72 1.1945083 -0.49657384 0.04232969 -0.40409812 -0.01971176
339 0.99827 0.19486526 0.0028025392 -0.498829 -0.7672875
1143 1.0324224 -0.15151489 0.57464993 -0.57441306 0.08983748
121 1.3594695 -0.23955052 0.6727564 0.050969098 0.4982367
471 0.63873047 -1.3313456 0.37276193 0.5995396 -0.87122387
899 1.1589307 0.029550623 -0.19219577 -0.5450036 -0.83048475
1063 1.0228738 -1.0566103 -0.40085816 -0.7035323 -0.9320071
419 0.96270263 -0.4176456 0.36383802 -0.6748357 -0.19668633
631 0.7799961 -0.71135 0.69559425 0.07511335 -0.24035627
340 0.7364868 -1.6798593 0.41590047 0.33770746 -0.5070636
292 0.71962583 -0.44372714 0.76436794 -1.0505015 -0.41222268
1104 1.2639244 -0.10500825 0.14531817 -0.8160081 -0.07043869
535 0.794407 -0.6478321 0.2585036 -0.6184439 -0.55146295
818 1.2759889 -0.7092156 0.10229823 -0.6921571 0.12841621
524 1.3090537 -0.017796053 0.8984608 -0.05892458 0.48953056
1221 1.0218517 0.40848592 -0.10100693 -0.6077779 -1.036037
270 1.0143025 0.03765226 0.066536754 -0.6447763 -0.61517435
151 0.93086934 -0.3392695 0.4805979 -0.6818594 -0.15676662
211 1.0485784 0.3725585 -0.17871428 -0.6472982 -1.0761331
509 1.1220931 -0.39720368 0.4155232 -0.7116753 0.11886052
703 1.186304 -0.26282647 -0.027083475 -0.63136435 -0.27595332
694 0.80629265 -0.5154529 0.68862045 -0.94257057 -0.23267685
576 1.1801263 0.05812064 -0.0026539308 -0.74085397 -0.43709692
470 0.640801 -0.8713697 0.23613697 -0.11873379 -0.6592549
409 1.2863344 -0.7017987 0.030487016 -0.046677522 0.006450448
451 1.0990857 0.016381936 -0.15542093 -0.6231847 -0.7230427
912 1.026737 0.36198905 -0.07972465 -0.53858095 -0.93889433
579 1.1528171 -0.49323058 -0.031212058 -0.5130331 -0.2119233
1050 0.777747 -0.37923616 0.617127 -0.8359607 -0.36273065
1134 1.0185682 -0.123091646 0.6345698 -0.57142216 0.110348254
851 1.1352352 0.3969487 -0.23416668 -0.49670404 -0.9280217
415 0.8285856 -0.4676616 0.7550796 -1.0506204 -0.20076333
99 0.76180136 -0.5042216 0.76048374 -1.1136078 -0.3442202
1027 0.97643596 0.10902279 0.010313458 -0.49784464 -0.7455839
197 0.7405591 -0.4195164 0.6911667 -1.0355011 -0.4444632
563 0.9391258 -0.88899076 0.21042831 0.024608327 -0.3145123
948 1.1105726 -0.023581548 0.700948 -0.47945604 0.293495
1137 0.9765076 -0.10794492 0.7207202 -0.6499136 0.088453464
1086 1.0246962 -0.17201188 0.5857192 -0.6242824 0.07331025
804 1.0561554 0.36251944 -0.23146877 -0.62481135 -1.1177647
767 1.2446606 0.045428034 -0.23697273 -0.6668829 -0.5748518
530 0.87744766 -0.36313948 0.5481753 -0.7383885 -0.20968033
1127 1.0185779 -0.031792022 0.758987 -0.54708683 0.18653491
334 0.9765355 -0.93173426 -0.054756675 -0.6527902 -0.52678055
560 0.7766051 -0.37826616 0.53282243 -0.8886217 -0.4815766
542 1.0262368 -1.3060603 -0.04395358 0.16942222 -0.38780183
824 0.97933006 -0.042323515 0.12270241 -0.60400933 -0.5731641
408 0.94236475 -0.46397352 0.21383485 -0.80236036 -0.45365173
258 1.1465287 -0.34085292 0.40690374 -0.6549742 0.14597231
758 1.1047547 -0.10675381 0.66211337 -0.419983 0.2932422
917 0.6105533 -1.4630067 0.39634243 0.8394665 -1.1457715
983 1.1004783 0.39285162 -0.15092342 -0.766921 -1.0044507
191 1.1359823 -1.2228074 -0.20366752 -0.6547755 -0.38682744
337 0.7622941 -0.9005299 0.5000276 -0.70679414 -0.30520082
428 0.94460034 -0.98246247 -0.22901092 -0.6610349 -0.8360342
808 0.7685391 -0.3714893 0.5081795 -0.9196685 -0.553318
437 1.2803516 -0.729174 0.08346908 -0.69798 0.114571385
760 1.187178 0.020454079 0.71353894 -0.36901015 0.3978431
50 0.83285004 -0.3145526 0.4200742 -0.9180088 -0.5393021
913 1.3632126 -0.4934446 -0.16135195 -0.21469922 0.097911276
679 0.49715516 -0.58837765 0.84230304 -0.21589042 -0.6386818
696 1.0154393 -0.2506041 0.5387473 -0.6129138 0.040805433
1044 0.7817341 -0.38106444 0.5422926 -0.8674175 -0.45617193
744 1.0838612 0.003257097 -0.15098009 -0.5833517 -0.7165594
1265 1.0789368 0.48146015 -0.1579437 -0.64924616 -1.0840919
476 1.3929055 -0.19950683 0.016537415 -0.8419995 0.020563886
905 1.0603853 0.045159414 -0.08463599 -0.62484515 -0.71882063
392 1.0335019 -0.17846642 0.5947195 -0.68867207 0.078156
413 1.1472278 -0.027241817 0.08816938 -0.784026 -0.36725226
1023 0.9934434 -0.7520474 -0.12945855 -0.7033518 -0.65535146
215 1.1553923 -0.45834818 -0.012067558 -0.52298814 -0.20251559
348 0.58784163 -1.1444403 0.36324894 0.4952233 -0.948585
647 1.0150222 -0.24920271 0.541181 -0.5104493 0.08057191
750 1.1952784 -0.03611465 0.57015663 -0.35568213 0.33376086
554 0.49647954 -0.64498055 0.6948731 -0.3305651 -0.5582352
261 0.57233596 -1.0782962 0.396306 0.41390067 -0.92409575
820 0.496247 -0.6692928 0.7560136 -0.11593299 -0.71959263
467 0.7732362 -0.5872885 0.5811895 -0.9879473 -0.42995715
646 0.7851561 -0.38373715 0.54519516 -0.8811718 -0.44954047
708 1.1911238 -0.57498956 0.093377896 -0.76714283 -0.09861406
111 1.0298314 -0.20578423 0.56968385 -0.5314301 0.108600974
952 0.6318143 -1.4301603 0.3888423 0.37846816 -0.78895193
911 1.0398824 0.63125306 -0.15605721 -0.41026264 -1.2078907
453 1.0158356 -0.035312455 0.0725376 -0.6180444 -0.5720987
581 1.0575621 0.5239823 -0.1648813 -0.5654991 -1.1356453
700 1.1059809 0.019879865 0.7992118 -0.480906 0.33214155
279 1.0677886 0.39912826 -0.23361309 -0.5768409 -1.1064334
993 1.0528206 0.21131179 -0.11514595 -0.6083462 -0.8586523
1145 1.0036196 -0.07659016 0.70274526 -0.5699974 0.12230712
496 0.65322405 -0.5572156 0.5324695 -0.31361774 -0.44077492
1003 0.72903097 -0.4632506 0.636365 -0.9601758 -0.47143883
632 1.1804376 -0.2093833 0.55487096 -0.27881044 0.3788128
906 0.7547248 -0.5258602 0.54148895 -1.1939087 -0.6581411
134 1.0170754 0.02531274 0.051611513 -0.6059077 -0.6130465
310 0.9919883 -0.1689882 0.6361014 -0.578212 0.07843223
449 0.98110926 -0.6417335 -0.25494584 -0.62165457 -0.83882785
941 0.9612989 -0.67942417 -0.06785501 -0.59278697 -0.5980419
574 0.81270945 -0.49254063 0.54458547 -1.0630744 -0.46265084
842 0.55303085 -1.1435434 0.35910353 0.5936113 -1.1096636
332 0.63469636 -0.85151917 0.65260065 0.010490999 -0.48016745
204 1.1186823 0.48433137 -0.2394799 -0.56876737 -1.0699487
540 1.0474721 0.35177347 -0.14861985 -0.59002227 -1.005794
1038 0.9625663 0.09565524 0.11843397 -0.5668223 -0.6644252
1006 1.2909206 -0.7340632 0.037689265 -0.6081621 0.12274308
324 1.4541821 -0.17423561 -0.003837502 -0.9078079 0.061664246
241 0.6349514 -1.4019822 0.30499187 0.86945593 -1.1894705
452 0.8982215 -0.9938765 -0.31220528 -0.65922564 -1.0420593
1070 0.9843061 -0.37191018 0.31312352 -0.6516236 -0.22135238
362 0.46044734 -0.69777346 0.8694208 0.021045217 -0.70220625
1133 0.9092977 -0.46591854 0.4129912 -0.67817956 -0.22709344
64 0.7506819 -0.5217619 0.5902054 -0.9501741 -0.46039292
51 1.1665274 -0.5253365 0.12491583 -0.38109794 -0.16602455
656 1.3918593 -0.02497095 0.94904435 -0.04294155 0.6089092
770 0.7809197 -0.65746474 0.27231675 -0.6327497 -0.5766198
698 0.7644031 -0.8210773 0.41212612 -0.33259705 -0.28252906
862 0.87949395 -0.51128906 0.5388046 -0.9020277 -0.247546
692 0.9910898 -0.50499 0.41396457 -1.0094622 -0.23611447
737 0.59997493 -0.92875427 0.34449106 0.15474193 -0.8811922
1020 1.0456973 0.11095024 0.0053470866 -0.5604197 -0.63542295
934 1.0339575 0.47772738 -0.17598845 -0.5514823 -1.1557783
288 1.0644817 -0.42419326 0.49357393 -0.63508296 0.13509227
1079 1.1656948 0.34575596 -0.22496511 -0.61169845 -0.8582272
771 1.0944891 -0.122620076 0.6478248 -0.5945747 0.24447821
66 0.82210284 -0.5231307 0.5416673 -1.0942405 -0.4698567
487 1.0758064 0.6099042 -0.19994463 -0.4374845 -1.1651652
1019 1.0194845 -0.26659665 0.50948626 -0.6402302 0.015272511
943 1.3018037 -0.49186367 0.31295356 -0.726238 0.3389456
314 0.7336836 -0.60184646 0.2919887 -0.34835404 -0.55002296
70 1.0335214 -0.10920619 0.72967386 -0.512254 0.22850691
365 0.9766859 -0.08296492 0.76731884 -0.55463034 0.13729604
76 0.76982117 -1.014529 0.4165163 0.062403735 -0.41793913
886 1.1133809 0.5199298 -0.19546308 -0.46115395 -1.0055468
307 0.9967008 -0.8530406 -0.18899563 -0.6513939 -0.6950002
469 1.0622234 0.34125966 -0.22868314 -0.575852 -1.0616503
555 0.84571844 -0.5094478 0.58322495 -0.90557766 -0.2657377
1111 0.9827182 -1.1598437 -0.34190595 -0.6322092 -0.85644025
836 0.7450003 -0.6250965 0.60641754 -1.0185885 -0.46120024
863 1.2034342 -0.2739712 0.1845265 -0.56868 0.028102007
39 0.733032 -0.68331116 0.26259133 -0.30944923 -0.53136164
160 1.0866692 -0.20527205 0.598006 -0.68736917 0.18759477
853 0.79069555 -0.49434978 0.50151503 -1.0978118 -0.58087164
9 1.4438193 -0.52100205 -0.35335267 -0.017718805 0.07042883
748 0.97387487 -0.4101093 0.31418195 -0.67176193 -0.23413621
538 0.7662049 -0.43740535 0.5917188 -0.91090024 -0.4227521
910 1.0578537 0.538484 -0.12571976 -0.5306217 -1.0655543
499 1.001288 -0.7391299 -0.14648607 -0.77057695 -0.71579784
44 0.73685837 -0.50318605 0.5502338 -1.0191846 -0.58417803
440 1.0423559 -0.66204184 -0.39338338 -0.6766704 -0.9395453
371 0.9346305 -0.8648252 -0.38368288 -0.7324292 -1.1369294
583 0.9222063 -0.9795252 -0.25856137 -0.7687196 -0.99477684
1141 1.2301714 -0.68108124 0.037571415 -0.5645245 0.02890832
246 1.3523958 -0.17967275 0.077233076 -0.864978 0.008523117
262 1.1413162 -0.39010927 0.056522373 -0.51160735 -0.17094177
100 1.0712999 -0.08726348 0.62037903 -0.5476666 0.17507447
1144 0.99470454 -0.07162379 0.7352308 -0.59283566 0.13303392
810 0.98264873 0.17065743 0.019933661 -0.6578571 -0.82653254
935 1.0260953 0.4158951 -0.16335075 -0.5803415 -1.1150086
781 0.7996 -0.6771661 0.2351798 -0.7200376 -0.60672426
321 1.0148494 0.14718336 -0.12768306 -0.68470603 -0.94748044
474 1.203765 -0.4541995 -0.107137315 -0.51840436 -0.22455023
484 1.1553396 -0.3484464 0.24791034 -1.3286096 -0.37169468
1073 0.8966979 -0.81419015 -0.15478997 -0.6265357 -0.8314209
928 1.0023565 -0.41918913 0.2876409 -0.37530035 -0.10820281
720 1.3309436 -0.41652647 0.120770395 -0.47990698 0.046202503
652 1.0746225 -0.4999037 0.12648985 -0.4501102 -0.15275304
489 1.1944313 -0.43548825 -0.08676797 -0.53323346 -0.2296019
163 0.99837 -0.19180903 0.5394894 -0.66373354 -0.028165469
455 0.97548264 0.11771519 0.041212674 -0.5480337 -0.7385219
671 1.0462807 0.40459362 -0.17509182 -0.5484737 -1.0646306
904 1.0915908 0.65129125 -0.17721574 -0.46663842 -1.1541195
621 1.1268047 -0.16887434 0.6453445 -0.7072703 0.27331686
1125 1.013995 -0.11582582 0.6879285 -0.50854874 0.16400686
434 0.93455976 -0.42572752 0.40073517 -0.8792737 -0.30915153
831 0.9820432 -0.6918146 -0.13425477 -0.7122871 -0.6943737
1146 1.0055188 -0.05645067 0.75837964 -0.6152224 0.16323383
757 0.9904781 -0.5879968 -0.25386682 -0.57423913 -0.80559015
494 0.91429996 -0.6095358 0.028458685 -0.5136747 -0.5526506
482 1.2758516 -0.69531 -0.041797705 -0.3824454 0.08288646
421 0.47536272 -0.72888756 0.9652249 -0.012165568 -0.5730299
914 1.4585725 -0.6409476 -0.26286593 -0.17540492 0.19117521
1136 1.0233831 -0.14583021 0.70034134 -0.6579606 0.16470501
168 1.0892488 -0.45243323 0.4975709 -0.7070564 0.16844136
325 1.2938849 -0.15502639 -0.24427748 -0.62480706 -0.38088098
479 1.0272846 -0.948554 -0.3902538 -0.6542893 -0.89320725
205 0.76051384 -1.3426105 0.13662769 0.16934377 -0.7273552
85 0.80168194 -1.4630142 0.26951498 0.24424677 -0.4884183
52 0.78399897 -0.578861 0.6291338 -1.0205837 -0.37214133
504 1.0829588 0.0033320126 -0.08838453 -0.4143753 -0.57397294
432 0.93315625 -0.54912215 0.35370764 -0.38454893 -0.12517044
1040 0.9259435 -0.41079763 0.38605186 -0.70134026 -0.2604264
152 1.0010107 0.17767885 0.05638171 -0.5325399 -0.6970338
838 0.53869045 -1.359949 0.42528188 0.8430665 -1.2565429
87 0.9870919 -0.15517843 0.5769206 -0.69922847 -0.026050573
60 1.2889651 0.16325657 -0.34944504 -0.60730547 -0.668549
33 1.2333671 -0.342134 -0.12811154 -0.55511814 -0.24853796
1051 1.2968141 -0.7282659 0.03057961 -0.5964438 0.12814541
902 1.0269547 0.62076724 -0.11299422 -0.44937342 -1.1916583
1041 0.93218833 -0.43235797 0.313003 -0.6116838 -0.2796505
161 0.8884139 -0.41048574 0.25117716 -0.3939652 -0.36026523
892 1.1692564 0.49987018 -0.27106568 -0.41672686 -0.9586615
751 0.78469616 -0.6808217 0.338637 -1.0457098 -0.7105559
1112 0.96438926 -1.1232729 -0.25348088 -0.61246717 -0.7715528
181 1.1524941 0.35077217 -0.19441828 -0.62472314 -0.84844756
664 0.73620546 -0.5459617 0.7803622 -1.4169277 -0.57967323
1026 1.0229542 -0.12307304 0.9347881 -0.43621266 0.16262755
622 1.3229339 -0.24232365 0.02187239 -0.80200714 -0.048211686
520 1.0949384 0.4696335 -0.1712524 -0.45454365 -0.96143
959 1.1830895 0.21779501 -0.19250119 -0.5808082 -0.68548954
208 0.5751475 -1.1787934 0.33914238 0.4541285 -0.98580223
384 1.1239415 -0.3849772 0.45275223 -0.69988006 0.1600504
27 0.9887269 -0.8771496 -0.1608318 -0.679144 -0.67369515
135 0.75075686 -0.9970216 0.46796888 -0.7797925 -0.38704282
68 0.44671395 -0.74102485 0.850781 0.014524793 -0.7271753
48 0.9572035 -0.46170735 0.30886918 -0.6408502 -0.25344247
1135 0.9910421 -0.8676308 -0.27199322 -0.68419445 -0.83470815
533 0.80280054 -0.58174896 0.5153391 -1.3930937 -0.73896956
849 1.134097 0.5325937 -0.20162661 -0.51519954 -0.997417
608 1.1781347 -0.50317127 0.018164353 -0.496426 -0.106347494
866 1.1655784 0.046355028 -0.12651807 -0.5852525 -0.5479415
991 1.0740054 0.5015996 -0.108803965 -0.71222675 -1.0554712
65 0.7645565 -0.72682244 0.1860408 -0.25028592 -0.53259873
618 1.0059586 -0.5590946 0.4051655 -0.40559548 0.052070133
386 0.95377666 -0.22035865 0.21554199 -0.88822204 -0.56884027
268 0.7702632 -0.43321452 0.62962425 -0.9384705 -0.40149873
809 0.9568138 -0.5702667 -0.3678071 -0.62196827 -1.0739504
605 0.80231297 -0.58521086 0.21880408 -0.68791354 -0.6325375
734 0.5665742 -1.403837 0.3874291 0.82538295 -1.2057484
680 0.7708102 -0.33455315 0.53450495 -0.9235321 -0.53397584
1121 0.9812136 -0.6932985 -0.10517536 -0.6029135 -0.6205513
461 0.97649014 -1.0370771 -0.105418235 -0.6548702 -0.58271736
768 0.7060094 -1.0616139 0.5442371 -0.24032046 -0.36165282
891 0.9561493 -1.0261494 -0.27071753 -0.6105867 -0.8284604
88 1.2731489 -0.0119347805 0.6612946 -0.2726446 0.48663503
376 1.1286798 -0.11508362 -0.531166 -0.63211554 -1.1368597
1124 0.7712669 -0.44721177 0.6251719 -0.8859476 -0.36789626
516 0.57730484 -0.8760265 0.3913754 -0.08118139 -0.62285554
184 1.101137 0.3922223 -0.1650847 -0.6102501 -0.9475914
1057 1.1127878 0.119947396 0.9150705 -0.26937166 0.34309542
648 1.1749574 -0.94289196 -0.2685566 -0.5420378 -0.3707072
430 1.0633675 -0.9811218 -0.47815964 -0.75269526 -1.0148308
787 1.00358 -0.63975686 0.56581295 -0.70469046 0.1365035
685 1.2251079 -0.47441244 0.060190435 -0.5944009 -0.018976241
660 0.7855731 -0.7780989 0.48621386 -0.7940666 -0.35204998
577 0.8378648 -0.45034617 0.49957508 -1.1370778 -0.52379715
510 1.0717773 -0.8074556 -0.46962354 -0.7154663 -0.9730877
829 1.1063718 -1.0326492 -0.19497408 -0.9212649 -0.612571
285 0.9511782 -0.53823304 0.15118045 -0.23047464 -0.27429345
512 0.8373886 -0.45774254 0.5062334 -1.0589372 -0.46869075
1156 0.79285085 -0.5822581 0.53678286 -1.2908989 -0.6517481
1031 1.0474449 -0.1336907 0.7330753 -0.6687676 0.22784764
194 1.0049635 -0.5602494 -0.16123097 -0.6652416 -0.706093
345 0.92329216 -0.57159984 0.22895293 -0.47845677 -0.30002084
1032 1.0403366 0.415248 -0.1366928 -0.6017079 -1.0498497
933 0.991118 -1.1739079 -0.38564205 -0.68142354 -0.9396601
643 0.8373504 -0.3556789 0.59028345 -0.92481637 -0.3332241
1131 1.3224416 -0.80744106 0.030487882 -0.61098254 0.1776327
919 1.4196519 -0.16460197 0.013913808 -0.8865248 0.033393137
170 0.6171682 -0.66637903 0.704357 -0.06745853 -0.5365017
1236 1.0729071 0.53462476 -0.17151085 -0.5322374 -1.1009833
1237 1.0786204 0.5131554 -0.13253738 -0.6965728 -1.0796301
1214 1.0757068 0.51864403 -0.0826689 -0.55551106 -0.9548306
511 1.302088 -0.842459 -0.006498134 -0.6294868 0.11333044
183 0.7479891 -0.57317954 0.68089443 -1.0877086 -0.43304086
795 1.1580422 0.36883694 -0.24635535 -0.579432 -0.89306456
217 0.6487627 -0.79245627 0.5489098 -0.2265198 -0.5989525
155 0.777554 -0.90847796 0.65489155 -1.1003135 -0.33294162
964 1.3726066 -0.6401311 -0.21438742 -0.22917268 0.089641094
1250 1.1495064 0.7502145 -0.17075619 -0.43734303 -1.4799682
418 0.49431437 -0.6172012 0.7724222 -0.15279214 -0.73917097
405 0.85235244 -0.486296 0.57364696 -0.80507475 -0.21579482
741 0.5476526 -0.9531309 0.5295248 0.10345574 -0.7825535
591 1.0500883 -0.20039976 0.5039389 -0.7022242 0.020441212
189 1.0696744 0.32835102 -0.20046769 -0.5822589 -1.0073032
996 1.0415175 -0.39746755 0.6309977 -0.74483055 0.18000329
1200 1.0875102 0.49055475 -0.19476351 -0.51298714 -1.055505
1 1.0368539 -0.13582928 0.55995023 -0.6865849 0.039835818
327 0.6010973 -1.591233 0.315007 0.17876574 -0.79199934
244 0.9470252 -0.63371396 0.30480883 -0.45463413 -0.14969368
447 1.2664902 -0.39001268 -0.11781698 -0.2580079 -0.062824264
794 1.3739507 -0.098746516 -0.14517473 -0.83375317 -0.22891353
1274 0.5530739 -1.3942443 0.43303376 0.81587595 -1.2036289
473 0.9473463 -1.2930703 0.053736515 0.13179588 -0.4414583
642 1.1479919 -0.036575522 -0.19956371 -0.62925655 -0.6543446
814 1.0104228 -0.399578 0.29152372 -0.7539038 -0.2352516
159 1.3119719 -0.22089417 -0.011333373 -0.59999907 -0.024233734
329 1.2825437 -0.24992815 -0.24067672 -0.5866438 -0.3420876
609 0.99840117 -0.22904392 0.5628993 -0.5994804 0.03371282
263 0.47376838 -1.1667651 0.42264444 0.2718437 -0.9652069
173 1.0290068 -0.6689518 -0.40081674 -0.6713905 -0.9691254
999 1.1981999 -0.53945875 -0.05898792 -0.493617 -0.1487408
915 1.0913107 0.49469775 -0.19233185 -0.55172634 -1.0562584
304 1.0646607 0.50699544 -0.13233411 -0.5783583 -1.0599273
927 0.61315227 -0.6493527 0.71619004 -0.21441142 -0.5006541
1202 1.1416193 0.13746263 0.9020114 -0.19507952 0.34615123
462 0.89729416 -0.12069848 0.3199298 -0.9542584 -0.62819177
834 0.7932871 -0.66755813 0.53948456 -1.4126232 -0.71914345
518 1.1933191 -0.5872988 -0.036335416 -0.36078343 -0.068559565
379 1.0806838 -0.17954968 0.50104684 -0.64310044 0.08355134
868 1.0729088 -0.41196597 0.49688622 -0.71010405 0.1182547
222 0.8660395 -0.45918462 0.7323335 -0.40598717 0.08550934
35 0.59881616 -0.7810925 0.57854867 -0.278362 -0.65322566
497 1.6243474 -0.1180155 -0.1420384 -0.99302953 0.13827026
1100 1.0374632 -0.14156511 0.6125616 -0.54635507 0.13408288
429 0.4684989 -0.66713303 0.8531449 -0.25154728 -0.64429367
1001 0.7932531 -0.6413053 0.58178973 -1.3870503 -0.64394414
1239 0.71722263 -0.79758936 0.45805135 -1.111585 -0.7301595
1119 1.1143641 -0.9905286 -0.1758267 -0.6514644 -0.41448697
490 1.0674375 0.36944923 -0.14791235 -0.62873006 -0.984402
317 1.0675656 -0.5536336 -0.27257812 -0.59184945 -0.70517546
1047 0.91536397 -0.43456265 0.4422924 -0.67481923 -0.19699745
180 1.1440682 -0.27872357 0.116462015 -0.27874964 -0.060652956
162 0.6262982 -1.141288 0.442425 0.26712668 -0.67857754
880 0.8068363 -0.63348496 0.5805674 -1.2918808 -0.55605453
543 0.3795966 -0.74942887 0.9405854 -0.11976886 -0.75468135
435 1.4114002 -0.067119144 -0.25068265 -0.83274055 -0.30508712
718 0.85819185 -1.1287011 0.5276978 -0.5022636 0.0104495445
551 0.91515124 -1.0009753 -0.059631635 -0.42977965 -0.537985
1052 0.785264 -0.5408996 0.6730644 -1.1627685 -0.42582202
644 0.7383573 -0.79335827 0.7125336 -1.3438172 -0.5292192
686 0.8484794 -0.743148 -0.029674249 -0.5813105 -0.75905466
881 0.77477086 -0.58869016 0.5889957 -1.2611347 -0.60563236
1188 0.7481903 -0.6522553 0.900026 -1.3756258 -0.35614794
969 0.5517621 -1.331626 0.4194501 0.86291593 -1.2491902
1082 0.89727515 -1.0641911 -0.231398 -0.6737007 -0.91342056
837 0.7505064 -0.715949 0.6619127 -1.3033341 -0.5688538
843 0.54096216 -1.341126 0.44724077 0.76611465 -1.169597
110 1.3457991 -0.055865895 0.94906443 -0.17366193 0.59129167
965 0.91006756 -1.0269299 0.29980657 -0.47498205 -0.13279493
333 1.2118344 -0.4944627 -0.0018057722 -0.3727322 -0.024431601
380 0.41763112 -0.7406912 0.9625377 -0.04544449 -0.6949969
972 1.0797174 -0.37582567 0.41274536 -0.68763095 0.043450277
49 0.9554469 -0.7876702 0.17629462 -0.42893258 -0.22743134
669 0.51750344 -1.3255433 0.45320228 0.77569145 -1.210012
870 0.8974421 -0.86170304 0.13984217 -1.1393763 -0.77427655
1197 1.0940495 0.11225526 0.9738975 -0.19765566 0.3286946
592 0.52617353 -1.3502203 0.4528014 0.80082667 -1.2151306
1053 1.1319956 0.44895527 -0.1616069 -0.6011718 -0.9155847
1118 0.9152212 -0.4244885 0.34370747 -0.61163366 -0.28091618
214 1.2393671 -0.13037612 -0.06973736 -0.68197244 -0.30151984
1110 1.0208395 -0.97062224 -0.44805667 -0.78484625 -1.0881653
982 1.0034997 0.37748998 -0.056369025 -0.67014575 -1.0323936
14 1.5723267 -0.7997182 -0.2684063 0.035154004 0.18231373
890 1.1349626 0.4099806 -0.2090232 -0.5737832 -0.9349053
145 1.0785598 0.34865737 -0.176358 -0.564669 -0.9545494
635 1.2940196 -0.065692544 0.98919874 -0.15830716 0.54657155
545 0.79522175 -0.5245435 0.64543456 -1.1264565 -0.41310677
61 0.49465537 -1.2858756 0.4766737 0.7802102 -1.247048
1122 0.7183243 -0.5522599 0.65704066 -1.0004538 -0.46409172
1030 1.128669 0.07562094 0.68095183 -0.2849739 0.2649689
571 0.6902463 -1.3046083 0.29247606 0.49947208 -0.8105931
416 0.476571 -0.75190127 0.7752799 -0.0676608 -0.7378914
968 1.57142 -0.22564992 -0.1470876 -0.9953114 0.07043228
1039 1.349636 -0.8206768 -0.029933264 -0.5742439 0.17593569
280 0.86612344 -0.41258508 0.542156 -0.9010687 -0.29981822
267 1.3231682 -0.7863286 -0.036581673 -0.56114715 0.12730795
546 1.2521074 -0.23885873 0.21426068 -0.70456916 0.07883088
1140 0.9821761 -0.88629 -0.17161025 -0.69138324 -0.7044864
1158 0.8462527 -0.49027494 0.48396122 -1.1435263 -0.5272974
678 1.0422062 -0.92991024 -0.45742366 -0.77610385 -1.0562419
973 1.0812292 0.3971792 -0.16173011 -0.62109447 -0.99431515
249 0.48240823 -0.982322 0.34935194 0.022253664 -0.8563611
436 0.9601674 -0.75433546 0.2555139 -0.24143948 -0.28291342
1116 1.0655619 0.51669365 -0.13964202 -0.5549099 -1.0599993
210 1.1574148 -0.5795575 0.064406775 -0.46023667 -0.05077679
557 0.78399915 -0.69852304 0.2928541 -0.6087737 -0.51438093
585 1.2013478 -0.4228884 -0.055061046 -0.4970577 -0.17473668
704 1.0902514 0.5536021 -0.18751544 -0.45194054 -1.0783411
32 1.1633399 0.56075585 -0.2785642 -0.4382346 -1.0372411
1043 0.51319575 -1.3117367 0.49964112 0.694637 -1.120909
1064 0.91231257 -1.0449427 -0.29712 -0.699276 -1.0007257
26 1.2172334 0.07743388 0.5739554 -0.35418585 0.32853338
1281 1.0318978 -1.0277903 -0.46366224 -0.778965 -1.0707964
857 0.85345596 -0.45176825 0.43105274 -1.226029 -0.6366065
735 0.96883184 -0.42303416 0.3123391 -0.64143044 -0.23511478
1077 0.5554913 -1.2340688 0.27412045 0.004350625 -0.93803555
1115 0.8359466 -0.57046545 0.56232524 -1.2922333 -0.53494996
519 1.076172 -0.49123526 0.05894773 -0.16651241 -0.1430504
1114 0.7968705 -0.5720621 0.5687213 -1.3108053 -0.6231759
766 0.8592586 -0.96470755 0.45289928 -0.53139395 -0.08820547
850 1.0978278 0.5129956 -0.17791037 -0.5193881 -1.0270998
637 1.1777741 -0.3715752 -0.06971268 -0.39942747 -0.21623585
878 1.3091749 -0.5511409 -0.19293347 -0.47189882 -0.09864669
351 0.85720515 -0.5305547 0.47505733 -1.3047965 -0.6155306
1195 1.1214933 0.19329716 0.9921155 -0.2421094 0.35538614
175 0.93045175 -0.3736574 0.41574228 -0.69157386 -0.22330226
235 0.8171135 -0.7319965 0.12556082 -0.63564193 -0.6506588
661 0.3583723 -0.7301568 1.0462487 -0.1411161 -0.73342156
112 1.010541 -0.4292368 0.5306442 -0.72537464 0.044410642
10 1.4675062 -0.73842996 -0.2849046 -0.20894174 0.19076307
1259 0.7849791 -0.64908123 0.57532847 -1.2217131 -0.5566713
869 1.0917321 -0.86796343 -0.3066162 -0.9652121 -0.8603976
1183 1.1649749 0.8335257 -0.20427378 -0.29321423 -1.4969113
347 0.7475759 -0.7280248 0.6733018 -1.2859788 -0.54406583
717 0.9551839 -0.41141453 0.65230584 -0.742932 0.05090611
11 1.48301 -0.4332591 -0.3990443 -0.11535608 0.03618225
316 0.5695927 -1.408082 0.49134496 0.69216704 -0.9824897
192 1.316622 0.036491517 -0.12036703 -0.72776204 -0.31147072
958 1.3399713 -0.5136509 -0.10672804 -0.74431586 -0.07313623
588 0.47395322 -0.7324138 0.85589796 -0.11142397 -0.6715078
116 0.6348664 -0.98738146 0.54584366 -0.16478805 -0.5723922
364 1.337529 -0.21958062 0.16644092 -0.7377401 0.1549296
522 1.3275629 0.14169972 1.0084869 -0.09093319 0.5731233
406 0.973912 -0.61524737 0.27687415 -0.6639983 -0.21738124
992 1.2454256 0.7354089 -0.29943016 -0.3128637 -1.389757
1013 0.73174304 -0.48950174 0.61211085 -1.0873772 -0.5658111
124 1.2237452 0.16681854 0.9646661 -0.17795223 0.46230522
615 0.89337194 -0.62813354 0.05279674 -0.51420534 -0.5586163
971 1.3143116 -0.0029887764 0.90957934 -0.18629913 0.5032914
1097 0.9372171 -0.65184367 0.0829495 -0.5152437 -0.42933595
1008 0.80332243 -0.6112925 0.647336 -1.338134 -0.52178866
1083 0.8117245 -0.7948846 0.033651404 -0.57370275 -0.72536606
774 1.4416115 -0.16678181 -0.20956784 -0.83891463 -0.16968961
122 1.1060549 0.5762446 -0.1777644 -0.49534345 -1.0602595
278 0.8998172 -0.6003633 0.28696707 -0.0918901 -0.3755965
701 0.82194597 -0.5681577 0.59548974 -1.3057177 -0.5332441
1201 1.1125603 0.18897142 1.0466973 -0.2664341 0.37162605
727 0.5218765 -1.2992213 0.4495331 0.72515225 -1.1518217
394 1.301361 -0.53823155 -0.24961162 -0.5335819 -0.20631786
98 0.50270355 -1.2489641 0.43062326 0.7222917 -1.2078202
1088 1.1631161 -0.46357954 0.16868146 -0.52520406 0.013174974
746 0.5205243 -1.3155166 0.4593934 0.73748803 -1.1685659
832 0.7954296 -0.5450286 0.54562634 -1.3019801 -0.64529705
939 0.8587505 -0.19792178 0.35990438 -1.1261399 -0.7325059
1062 1.8321195 0.22748795 -0.84665483 -0.4557569 -0.58476216
91 0.47628778 -1.2800604 0.48334512 0.7445787 -1.2263194
566 1.3994474 -0.7715688 -0.13293809 -0.56884855 0.1331552
414 0.80202115 -0.48116755 0.53973234 -1.2600335 -0.63571876
728 0.68026245 -0.847174 0.54953676 -0.09248216 -0.5049037
144 0.5853489 -1.038953 0.5643935 0.21567272 -0.6981017
505 0.6120899 -0.8997092 0.40629715 -0.06256479 -0.7570145
75 0.60700476 -1.4163263 0.57120013 0.035964247 -0.5793454
19 1.5141374 -0.6510004 -0.2544839 -0.30776986 0.24430653
634 0.8518148 -1.1744142 0.5645319 -0.5410254 0.036909584
848 1.1194013 0.601264 -0.19576299 -0.44516623 -1.0603201
536 1.5699754 -0.16430734 -0.11043967 -1.001854 0.09137475
826 1.00575 -0.15035637 0.66389614 -0.60344285 0.12108876
1266 0.7739623 -0.6520843 0.66840416 -1.3352759 -0.54231685
684 1.3199583 -0.545481 -0.2175345 -0.49947494 -0.12553348
1207 1.3565154 -0.6731124 -0.21381564 -0.4795553 -0.009975261
1132 1.0627193 -0.048966486 0.6877486 -0.53167313 0.20362246
1065 0.91414803 -0.42016932 0.30301803 -0.5503198 -0.31312376
650 1.2776068 0.4629972 -0.32950982 -0.53421617 -0.8197683
840 0.4882092 -1.2475924 0.494774 0.6643741 -1.1081141
715 1.1697549 0.40008637 -0.23465636 -0.54187715 -0.87502325
374 0.94135255 -0.50595003 0.14787816 -0.25737676 -0.31124187
220 0.45634508 -1.215826 0.49827957 0.64676005 -1.1461564
987 0.81903577 -0.5766324 0.59577894 -1.3083547 -0.5393445
69 0.88526803 -1.0096478 0.25135255 -0.5585952 -0.266246
898 1.1584363 0.7853285 -0.22565937 -0.33298776 -1.4765946
817 0.8734119 -0.94150716 0.23259778 -0.5574467 -0.33052388
4 1.4554397 -0.76373756 -0.24082614 -0.26137057 0.2174144
1249 0.8256887 -0.619873 0.6255118 -1.3352396 -0.49872348
855 1.5132949 -0.53877336 -0.640429 0.100251235 -0.30528954
381 0.9928173 -0.71897703 -0.16244684 -0.6609886 -0.6909985
575 0.4661779 -1.208872 0.4627649 0.64289755 -1.1378982
821 0.56353325 -0.6982478 0.70788217 -0.28733823 -0.59001637
2 0.96898836 -0.33313778 0.29390252 -0.6379721 -0.28192973
1198 0.67870444 -1.0351653 0.26355532 0.58805937 -0.862116
422 1.2582608 -0.2011424 0.20982878 -0.7279809 0.061744206
920 0.42315722 -0.9863824 0.9366732 0.23844187 -0.73666507
813 1.431181 -0.96478176 -0.120773636 -0.6014115 0.2170424
604 0.9500337 -0.7623523 0.021786958 -0.52289563 -0.4538401
1029 0.5373514 -0.6893773 0.50546604 -0.2999615 -0.6515554
828 1.5007784 -0.08990973 0.0376014 -0.9801547 0.12855546
1058 0.8997662 -0.4500389 0.3657441 -0.6086733 -0.27985647
1074 0.71286964 -0.61882937 0.7422378 -1.3193152 -0.5821621
638 1.3796678 -0.7179388 -0.1832263 -0.42842564 0.09547916
396 1.2622652 -0.683178 -0.060748152 -0.45371026 0.01203996
1243 1.3186542 0.6120272 -0.2631421 -0.5014921 -1.1308475
714 1.1393658 0.42292455 -0.24262702 -0.42178625 -0.9209844
1034 0.56423295 -1.6008255 0.46066287 0.32575634 -0.74836594
201 1.0789667 -0.8962467 -0.45943546 -0.792257 -0.9887096
442 0.4892785 -1.1867471 0.4379518 0.6016423 -1.0434287
1080 1.3436521 -0.7189877 -0.1459529 -0.5167095 0.04171503
56 1.1073864 -0.93158436 -0.37178296 -0.843391 -0.8265748
115 0.8116973 -0.71087056 0.091719024 -0.55797464 -0.68275255
158 1.0546582 -0.8614223 -0.42884248 -0.7874245 -0.98305374
1128 0.588778 -0.6844317 0.61218804 -0.1529744 -0.6434028
730 1.1971422 -0.31836715 -0.055863786 -0.22695681 -0.12423421
370 0.9159125 -0.63420945 0.56973183 -1.1093581 -0.22879823
55 0.82084686 -0.5188899 0.55643785 -1.2728219 -0.56805235
18 1.4165167 -0.7354098 -0.21145406 -0.30123764 0.15859368
492 0.9282773 -0.6900952 -0.07561725 -0.45189723 -0.61238253
953 0.7886537 -0.7901094 0.6862898 -1.3281252 -0.4645182
1272 0.5231332 -1.2198161 0.4207039 0.5980905 -1.0311744
105 1.2234182 -0.6144259 0.017067304 -0.48918682 0.0058296914
909 1.1589988 -0.4687953 0.19096991 -0.5608198 0.016127262
42 1.4156663 -0.05338949 -0.23892936 -0.7964597 -0.26326275
1260 1.0739224 -0.91071904 -0.3336834 -0.7689698 -0.79689205
565 1.1210741 0.37323108 -0.22799775 -0.56766623 -0.96460277
464 0.8364539 -0.4522084 0.7301644 -0.95370173 -0.15802915
196 0.89410657 -0.98570377 0.37397838 -0.25012383 -0.23153795
45 0.88332623 -0.5721991 0.19299735 -0.14111148 -0.32699707
779 1.2902169 0.084375 0.8395499 -0.27976644 0.55146646
731 0.807803 -0.6355207 0.28620154 -0.6426899 -0.5043825
1015 0.9759108 -0.4619787 0.18399453 -0.4799178 -0.2925517
3 1.4272976 -0.6745608 -0.24066335 -0.34456635 0.12321148
1049 0.90742564 -0.6080477 0.46768227 -0.6613392 -0.12481098
118 1.1190629 -0.39551747 0.122750975 -0.5214655 -0.1290343
721 0.9349729 -0.42674062 0.17530802 -0.38394848 -0.35124326
666 1.0123905 -0.54000497 0.25425574 -0.07552105 -0.23890221
534 1.0380685 -0.6787973 -0.3005963 -0.59691656 -0.76830655
1010 0.933989 -0.47959924 0.20715274 -0.49662906 -0.33828917
976 1.6862456 -0.11408906 -0.13172731 -1.0956897 0.19432376
206 1.424868 -0.89527655 -0.13769218 -0.5458797 0.2017237
247 1.0748372 0.47366777 -0.12324188 -0.5018621 -0.96501535
1238 1.0306356 0.4632838 -0.09831276 -0.6208881 -1.0708569
1107 0.45655397 -1.1873229 0.469639 0.59734577 -1.0971333
811 1.3804111 -0.50871223 -0.41507915 -0.020052569 -0.30613145
847 0.7360932 -0.62530035 0.69280773 -1.2843398 -0.5656125
120 1.069398 -0.49182788 0.6102907 -0.7798525 0.22231534
182 1.3413345 -0.69300014 -0.17950617 -0.4905373 -0.0020624544
865 0.8206969 -0.6172931 0.67136914 -1.2667114 -0.40346137
441 0.9379988 -0.37633035 0.25414246 -0.50829005 -0.3219199
525 1.2505558 -0.22556305 0.26718357 -0.36929184 0.22288156
921 0.4722229 -1.2169651 0.4575257 0.5980444 -1.1076713
887 0.93860644 -0.47007346 0.34127805 -0.5978176 -0.22674726
1215 1.019084 0.52132756 -0.014977096 -0.54697996 -0.99443865
153 1.2592267 -0.62386554 -0.022039853 -0.4069268 0.044481125
202 1.2089088 -1.1640667 0.39340982 0.07656438 0.2868104
1263 1.2048677 0.73467165 -0.23875819 -0.4389886 -1.395855
879 0.7677416 -0.61794335 0.6720611 -1.346806 -0.57025844
1138 0.5652647 -0.9200364 0.47336438 -0.022806663 -0.7935007
797 1.2790328 0.56344205 -0.25742772 -0.49416646 -1.1681213
759 1.4606377 -0.15788856 -0.15011965 -0.94072217 -0.12601249
164 0.6447526 -0.82008684 0.51747346 -0.13164902 -0.58616936
350 0.57589036 -0.904129 0.44969922 0.038599852 -0.7989725
918 0.87811166 -0.6613149 0.5824141 -1.1760379 -0.3195767
107 0.75977755 -0.70864475 0.34743834 -0.6150334 -0.5065511
1014 1.3985158 -0.6926977 -0.29999718 -0.42151615 -0.023040885
951 1.4401705 -0.6757079 -0.18966167 -0.3291412 0.20311339
1205 1.7498399 -0.5977784 -0.0087823635 -0.79175985 0.52013755
390 1.1026894 -0.80917746 -0.43690932 -0.640188 -0.93265134
874 0.9317001 -0.46802056 0.2947515 -0.55777574 -0.27241093
1028 1.0541153 -0.88313043 -0.31395504 -0.80226964 -0.8346223
486 0.89537114 -0.82235414 0.29372495 -0.47779486 -0.21505043
1151 0.8530034 -0.6318957 0.4562479 -1.1404372 -0.5654933
885 1.6551762 -0.51787853 -0.12212733 -0.74817234 0.4285568
95 1.5048817 -0.58634984 -0.432235 0.16982463 -0.11074033
1184 1.3673552 -0.64611566 -0.27428666 -0.43883023 -0.056821197
89 0.60381764 -1.4574506 0.3387625 0.32729003 -0.87201774
903 1.5494092 0.46541622 -0.59325904 -0.23573299 -0.92159915
877 1.2609162 0.43340856 -0.22130774 -0.42175284 -0.9601075
872 0.48921463 -1.2442175 0.43384993 0.65869033 -1.1391522
784 1.1493198 -0.4044244 -0.14661627 -0.33559257 -0.3170831
702 1.0057614 -0.45083308 0.15021248 -0.31901482 -0.22607318
1253 0.7032149 -0.5752701 0.70216334 -1.3325748 -0.6707462
460 0.99808216 -0.40844095 0.18422206 -0.5239553 -0.28421992
142 0.8714909 -1.3269905 0.13361216 -0.09126355 -0.44655514
923 0.46816686 -1.2320908 0.48067772 0.62167484 -1.0606297
931 1.402111 -0.7174601 -0.22819921 -0.45947713 0.06352507
740 0.8471158 -1.3332632 0.6087794 -0.38892493 0.043219786
900 1.1392827 0.79276985 -0.22102727 -0.3348218 -1.5321604
1113 1.3258884 -0.7806824 -0.1814072 -0.44286317 0.014456333
665 0.760184 -0.5531327 0.6109674 -1.3062435 -0.64853936
1061 0.98135895 -0.3645403 0.31445983 -0.6236515 -0.22009438
980 0.9792885 -1.1408945 0.3685934 -0.2900534 -0.06783794
844 1.4658612 -0.13351536 -0.16086103 -0.9472601 -0.12999314
15 1.3963152 -0.62414324 -0.0358515 -0.48471612 0.23478833
1105 0.9182835 -0.97632915 0.11001795 -0.30787587 -0.29082558
733 1.0430033 -0.8752918 -0.4406138 -0.74436986 -1.0047914
587 1.3832438 -0.7219351 -0.23454715 -0.452916 0.03265998
383 0.7786168 -0.77740306 0.2793142 -0.63069916 -0.52173096
1012 0.6220422 -1.0062724 0.3980908 0.055367008 -0.73153937
21 1.2576774 -0.58206385 -0.15010089 -0.20086236 -0.03985312
1199 0.7458629 -0.619202 0.7416664 -1.3328792 -0.5394738
562 1.0186974 -0.3933228 0.30473515 -0.6674119 -0.16588086
1092 1.3592395 -0.7222504 -0.18830805 -0.47465956 0.03646214
1103 1.2090799 0.06508853 0.88664883 -0.52483577 0.51419467
859 0.93367803 -0.77902275 0.2613301 -0.59202415 -0.23681061
889 1.1985301 0.62954724 -0.25253645 -0.45353752 -1.1644017
688 0.89732325 -0.5099631 0.17199188 -0.25637177 -0.36420625
13 1.4397174 -0.7059067 0.0010908277 -0.55298024 0.3422018
1171 1.2636639 0.530536 -0.39576176 -0.4425294 -1.202265
311 0.9125256 -0.8315054 0.3215872 -0.25820574 -0.30130303
1176 1.1647555 0.6652747 -0.2986112 -0.40221408 -1.4712546
255 0.752152 -0.6561431 0.34825727 -0.23271918 -0.6104849
1204 0.70325786 -0.6622816 1.0766891 -1.4516903 -0.5053051
86 0.6261539 -0.7119844 0.1568292 0.117276296 -1.079606
1009 1.2850012 -0.7395351 -0.06684077 -0.51199186 0.033400584
308 1.0102348 -0.41641358 0.20448953 -0.52073264 -0.2345705
1278 0.73222256 -1.1694108 0.5819352 -1.068827 -0.5338322
282 1.1068466 -0.40198883 0.11387736 -0.50141996 -0.16098213
1016 1.0259074 -0.49111772 0.34235746 -0.6168498 -0.07268444
1189 0.4242633 -1.1113933 0.63305557 0.44934207 -0.9403697
1240 0.86489713 -0.78013843 0.8800791 -1.3105321 -0.18791631
1054 1.3030404 -0.7692164 -0.09609959 -0.48130178 0.04949209
945 1.55444 -0.24233234 -0.1589207 -0.92475927 0.07342828
845 1.4698857 -0.12711023 -0.19403155 -0.95221984 -0.16197494
1261 0.740927 -0.6316302 0.7257471 -1.3468146 -0.556908
77 0.86793655 -0.7705486 0.53127384 -0.4401264 -0.13520774
1021 0.93162066 -0.81684595 0.14003229 -0.48020148 -0.32508746
962 1.0976359 -0.15181762 0.53596246 -0.51013213 0.17903075
1216 1.4353133 -0.22853255 -0.09760539 -0.9437588 -0.07238862
186 0.9763772 -0.41682228 0.22069916 -0.5817023 -0.29660755
942 0.74791473 -0.6542804 0.6052389 -1.1798439 -0.5609612
711 0.9049228 -0.6104703 0.59038544 -1.4258463 -0.6385881
907 0.5289707 -1.6809057 0.45738333 0.31353766 -0.7815527
1242 1.1533971 -0.98530906 -0.5538558 -0.74141103 -1.0198809
356 1.079261 0.5192274 -0.094201334 -0.5423636 -0.9877565
1042 0.9959328 -0.49359894 0.077098854 -0.38852575 -0.33457306
812 1.387545 -0.7865982 -0.21243367 -0.38296312 0.09540184
864 1.0373461 -0.5211907 0.6203962 -0.7894235 0.18625873
726 1.4044317 -0.24433064 0.040814865 -0.9374276 0.036143493
690 0.7310485 -0.62212855 0.70016193 -1.3256736 -0.60036814
166 0.3991389 -1.2192423 0.631593 0.45103964 -1.0752076
1192 1.3478197 -0.8013026 -0.09980241 -0.4425195 0.13329038
1108 1.3984944 0.51571614 -0.351276 -0.40479487 -0.9016592
377 1.2619338 -1.4953259 0.26434574 -0.31567168 0.42044762
802 1.093864 -0.89320695 -0.5054375 -0.70627403 -0.9642063
875 0.50911385 -0.9576548 0.33426315 0.07247436 -0.8236065
986 1.4348103 -0.76112884 -0.22119486 -0.41616923 0.14894967
1148 1.0018018 -0.8270915 -0.41955826 -0.7182369 -1.0455849
723 1.4226481 -0.1693738 -0.086631976 -0.9729557 -0.12391955
682 0.783248 -0.65408283 0.7245776 -1.3448472 -0.4744412
108 0.91360384 -0.9967893 0.2794534 -0.58879834 -0.20481384
1264 1.4097847 0.6565748 -0.39769906 -0.4852027 -1.0514907
893 1.1399497 0.7692542 -0.25688812 -0.327245 -1.5502236
954 1.2629534 0.5665182 -0.21313885 -0.7188558 -1.2196411
438 1.259489 -0.39361036 -0.37038237 -0.32528922 -0.3848261
1182 1.1200104 0.52532625 -0.18209481 -0.60480297 -1.0204465
691 0.9403843 -1.0023192 0.117343396 -0.41411147 -0.26612276
938 1.403184 -0.702114 -0.2413912 -0.47377825 0.0368849
219 0.9928364 -0.40801147 0.33277488 -0.6540569 -0.16838536
1007 1.5002995 -0.96559775 -0.12669808 -0.5561222 0.3421904
156 1.3804603 -0.08278891 0.9776313 -0.090950705 0.6516228
527 1.5489621 -0.30005178 0.0694194 -0.55025274 0.24651118
1072 1.0453119 -0.48206297 0.4783927 -0.7184878 0.06846321
1154 1.4725634 -0.49759832 -0.68144965 0.039043218 -0.3888866
508 1.1430835 0.6284762 -0.18228091 -0.35377347 -1.2688347
1284 0.9451596 -0.4623858 0.21858698 -0.5264157 -0.3243862
549 1.072975 -0.52631503 0.3241808 -0.6269005 0.0014562217
949 0.95741934 -0.42117158 0.27347335 -0.6692849 -0.31377983
93 1.0761596 -0.5295698 0.3426376 -0.633448 0.023250327
245 0.85928017 -0.67780507 0.33375108 -0.44014147 -0.40653083
1254 1.1740867 0.69258606 -0.21444556 -0.48481297 -1.323763
1211 0.30534083 -1.078133 0.9486831 0.38416803 -1.0316873
895 1.1952854 0.72680694 -0.3099441 -0.37095073 -1.3716338
990 0.8567132 -0.7777825 0.73753154 -1.4245234 -0.49346882
1191 1.5922594 -1.0830796 -0.15386328 -0.49125704 0.43017557
994 1.1162862 -0.86762285 -0.432647 -0.7313784 -0.83093834
1277 1.4305545 -0.91051096 0.032254476 -0.6078429 0.15171452
830 1.4027982 -0.93476135 -0.11916818 -0.51143116 0.20154147
950 1.2643026 -0.60734636 0.06728692 -0.53264874 0.113213606
1011 0.927424 -0.44133696 0.40998045 -0.680239 -0.21689546
517 0.92807484 -0.8870546 0.24558681 -0.5725525 -0.23100385
860 1.3232614 -0.92049414 -0.048934147 -0.6165937 0.1190228
947 1.3965484 -0.8502568 -0.1873875 -0.4361289 0.1384132
1163 0.4384861 -1.2841079 0.6332812 0.50798434 -0.99506557
1096 0.87217253 -0.9220257 0.18270199 -0.40797427 -0.33462414
1194 0.43663934 -1.2286613 0.5628717 0.492736 -0.99003345
457 0.97330606 -0.8639024 0.0453686 -0.44476417 -0.33439034
465 1.0992726 -0.2793958 -0.003678351 -0.24328867 -0.26856193
1186 1.4233987 -0.7588027 -0.15496564 -0.2146844 0.073642984
1081 1.5273297 -0.74243224 -0.31274396 -0.2484901 0.23789564
1190 1.1021894 -0.06328128 0.7118185 -0.21133484 0.3067319
359 1.32972 -0.62959003 0.012676921 -0.5611097 0.16110817
1087 1.211711 -0.4948973 0.0711332 -0.501117 0.010626263
548 1.5547851 0.019786866 0.8119551 -0.08074811 0.75609004
578 0.9332406 -0.9782355 0.19941977 -0.46290487 -0.2137423
79 0.8920582 -0.7693432 0.19811998 -0.5679858 -0.3703202
82 0.53966296 -1.2230858 0.46256152 0.51101595 -0.8604378
1185 0.98166096 -0.9417921 -0.31224367 -0.559796 -0.84672403
775 0.46194625 -1.2010678 0.651676 0.42602298 -0.9386725
846 0.7608367 -0.6300608 0.76131207 -1.3420573 -0.46993
1089 0.92249143 -0.91027033 0.22288573 -0.57931846 -0.26423144
1142 1.2404014 -0.69139105 0.050275803 -0.36522865 0.03596539
854 0.5760381 -1.0286841 0.36944118 0.24793668 -0.8645914
1106 0.57680255 -1.2748607 0.39416182 0.6274973 -0.98271275
764 1.0445199 -0.49463364 0.45390213 -0.67536855 0.073982745
944 1.6561062 -1.2549921 -0.22492695 -0.03886151 0.40020186
1129 1.1815573 -0.7582414 0.12166182 -0.29570645 -0.02197953
882 1.0413977 -0.8432209 -0.29416057 -0.7424527 -0.7986127
590 0.95334136 -0.47722682 0.20965423 -0.5316098 -0.32426617
908 0.5517438 -1.2948302 0.4088476 0.44858205 -0.9553982
1002 1.451295 -0.28038234 -0.041844517 -0.9294958 0.03662348
305 0.91764563 -0.9698182 0.3033152 -0.55554795 -0.15351854
353 0.88957345 -0.5124297 0.16453968 -0.1906815 -0.3703432
1218 1.0986543 -0.591998 0.6919079 -0.81316346 0.36762643
1241 0.7211685 -0.7105915 0.87047714 -1.5360283 -0.65763557
1157 1.7140838 -0.12981026 -0.14819467 -1.1231084 0.14290568
1282 1.0822663 -0.85498226 -0.00023166118 -0.3544581 -0.14974189
58 0.9296345 -0.9117337 0.27846417 -0.57089263 -0.18315364
1075 1.1937346 -0.85229033 -0.3667881 -0.13751729 -0.55328715
102 1.0844395 -0.4164269 0.15717219 -0.60969985 -0.18801917
995 0.80206865 -0.63413423 0.6187054 -1.3217547 -0.54604274
926 1.3609076 -0.49824885 -0.34482765 0.036787413 -0.26815966
338 0.93618333 -0.32945362 0.019116899 -0.38806203 -0.57412916
1165 1.1013014 -1.1256844 -0.54280794 -0.79397994 -0.9501224
1126 1.3908097 0.5805968 -0.27986655 -0.39289066 -0.89328796
1244 1.6593274 -0.108815715 -0.12495979 -1.0881617 0.15420584
645 1.04073 -0.5065495 0.10179554 -0.41697353 -0.22665972
368 0.75065947 -1.4745632 0.2980699 -0.13875158 -0.47734192
1257 1.6359955 -0.23478165 0.053061698 -1.0054181 0.21851592
946 0.95073324 -0.8639039 0.30112016 -0.5016666 -0.101632826
1170 0.81876934 -0.6996473 0.69286734 -1.5217167 -0.6609193
306 0.92865664 -0.8960229 0.21459723 -0.4359501 -0.21166106
1251 0.628896 -0.7905064 1.0531389 -1.5710341 -0.66965055
1203 1.3692377 0.592914 -0.29161653 -0.37956747 -0.9658258
423 0.99863684 -0.49996072 0.042696565 -0.25977564 -0.31067625
238 0.49180925 -1.2112598 0.48749223 0.53826755 -0.9367277
1179 1.0032623 -1.4735376 -0.41160765 -0.5646127 -0.87542945
988 1.8407203 -0.06452619 -0.17379552 -1.2213764 0.2014444
343 0.95552135 -0.9672921 0.0946846 -0.43124905 -0.2914439
550 0.55733913 -1.297653 0.44536787 0.38970757 -0.8205067
1252 0.6229747 -0.806681 1.1093788 -1.6360489 -0.6615369
176 0.8241028 -0.5631538 0.7863715 -0.9679532 -0.20703094
599 1.0714853 -0.6191645 0.70084643 -0.80586153 0.33274698
1123 1.2517161 -0.45630053 -0.092795886 -0.14166398 -0.19081435
500 0.42074597 -1.2730546 0.5876474 0.49674693 -1.0857942
150 1.3182436 -0.62086946 -0.24408382 -0.2690018 -0.25932357
1196 1.2592351 0.16742669 1.3474503 -0.08579634 0.638494
1036 0.5002665 -1.4154825 0.49427488 0.5203007 -0.9432356
1099 1.3917481 0.03588477 1.0313038 0.024997627 0.6571029
1152 0.8227471 -1.4907367 0.75472 -0.42364854 0.12919505
309 1.0286585 -0.44848105 0.35803384 -0.5758079 -0.04134709
1109 0.44568112 -1.3381739 0.528663 0.5699216 -1.0204918
1149 1.0782142 -1.1516651 -0.58522904 -0.708806 -1.0511154
1268 0.3749632 -1.1405423 0.70951813 0.48022488 -1.0058956
298 1.2459757 -0.41707343 -0.2669561 -0.18846962 -0.3008074
1160 1.1527474 -1.197985 -0.5606435 -0.8627636 -1.0102583
1048 1.0132732 -0.84100133 0.24778394 -0.3403035 -0.011952449
1283 1.3096993 0.1962439 1.2674934 -0.06743418 0.6628876
1120 0.75451076 -0.8709564 0.25967434 -0.610031 -0.570713
835 0.5152548 -1.3426826 0.57161283 0.47905487 -0.8947436
221 1.0801924 -0.39580834 0.08056276 -0.4208834 -0.21775097
539 1.1172934 -0.9385934 -0.6042248 -0.5647355 -1.0595739
1246 1.6549073 -0.113443084 -0.120142266 -1.154715 0.12587062
975 1.4505949 -0.5192395 -0.7277718 0.08001157 -0.4301135
1085 0.66619825 -1.1507623 0.26068634 -0.2875762 -0.74308044
1247 1.8328139 -0.023885842 -0.20823576 -1.152665 0.15272729
1093 1.0531834 -0.5721921 0.5512682 -0.7283933 0.17619173
1161 1.3559315 -1.120007 0.21304587 -0.39961445 0.44669214
978 1.8758631 -0.060725294 -0.20452736 -1.1847206 0.25224316
1213 1.4131026 0.76694834 -0.40274137 -0.34065744 -1.1940919
96 1.2979224 -0.46826884 -0.52432925 -0.19276594 -0.44300815
178 1.0869321 -0.61074895 0.6562891 -0.7829633 0.32593277
1090 1.2539258 -0.46257055 -0.3283985 -0.2783646 -0.3093962
883 1.0578296 -0.52551603 0.52523476 -0.72546 0.1473142
1167 1.9313643 -0.068098165 -0.18785423 -1.1906326 0.28190145
689 1.0145527 -0.4623454 0.31595957 -0.69423574 -0.15721679
1262 1.7003955 -0.21164256 -0.23656647 -1.0682014 0.094986886
1025 0.36513412 -1.2057341 0.7128212 0.40477183 -1.0275337
705 1.066997 -0.45355403 0.35729054 -0.70322436 -0.030580668
677 1.4601027 -0.736555 -0.13651966 -0.49711594 0.24953228
966 1.084369 -0.9999892 -0.43095127 -0.6883821 -0.8449337
1017 0.7173016 -0.8211379 0.92882055 -1.5125158 -0.5955959
861 1.035476 -0.51489997 0.2663413 -0.6687986 -0.14275828
1091 1.0126548 -0.41847625 0.27836174 -0.6535896 -0.18898934
1024 1.1358602 -1.1749887 -0.5718244 -0.6129105 -1.0093024
1258 1.086762 -1.1484716 -0.5150982 -0.7805752 -1.0387732
199 1.3746825 -0.38482538 -0.57836056 -0.20378175 -0.4046767
391 0.5040594 -1.2908187 0.4627429 0.5268506 -0.96964693
1256 1.3574326 0.18666215 1.3324856 -0.077324346 0.6946293
1168 0.7433953 -0.8483641 0.9247051 -1.5362068 -0.47030172
1071 1.3340036 -0.4987556 -0.47919184 -0.030414447 -0.36400852
712 0.94364357 -0.7976231 0.23292106 0.22660571 -0.33359498
1084 1.1684996 -0.49269956 -0.0643559 -0.11795837 -0.29022402
929 0.780144 -0.6365078 0.73129976 -1.3633096 -0.48733842
354 0.8118855 -0.97388494 0.60594857 -0.24346967 -0.14792782
1166 0.7211361 -0.6875358 0.9027129 -1.5052344 -0.6552373
896 1.4832741 -0.9172156 -0.23842372 -0.34683523 0.21522029
1159 1.8244041 -0.111000024 -0.28244033 -1.145197 0.22020017
290 0.8854151 -1.5160532 0.34296346 -0.3009546 -0.13657431
1228 1.6000546 -0.3794181 -1.0663602 0.051540267 -0.58231723
264 1.222688 -0.029688682 0.9802278 -0.29748407 0.4555501
1255 1.2621119 0.7109387 -0.31736192 -0.446867 -1.2766545
1234 1.6526698 -0.63998765 -1.0433602 0.26083353 -0.5041657
1229 1.6045848 -0.39640546 -1.0774143 0.08970327 -0.58573794
1173 1.6990414 -0.028223217 -0.20678392 -1.0826628 0.0292001
1187 1.628244 -0.97346735 -0.25658306 -0.37668455 0.39280564
1169 1.6234144 -0.20616527 -0.23304857 -0.97731894 0.10685746
695 0.9606247 -0.5799406 0.13040935 -0.0256011 -0.37892675
1150 1.6849803 -0.10274259 -0.15057476 -1.1067673 0.17167242
1066 0.46891904 -1.420189 0.5219083 0.5881788 -1.1242565
1269 0.2916533 -1.1704959 0.82321984 0.39984563 -1.0779521
1102 0.7587657 -1.4738078 0.5511015 -0.3861801 -0.18988332
1193 0.7831027 -1.451301 0.437689 -0.36985278 -0.21008396
977 0.7539838 -1.6160108 0.61655325 -0.3645889 -0.11043203
1172 1.1470888 -1.1248368 -0.6301536 -0.6597544 -0.93163896
1180 1.2903602 0.19911915 1.3637477 -0.116921864 0.67898995
984 1.1393901 -1.1358551 -0.69391114 -0.7368723 -1.0949523
1178 1.1411697 -1.1062603 -0.70390344 -0.7112964 -1.1368194
1224 1.6300454 -0.602157 -1.0367892 0.28982133 -0.50223356
1177 1.0367236 -1.1424221 -0.5750126 -0.7064669 -1.1547587
963 1.3415452 0.69355917 -0.33165362 -0.353478 -1.1589079
1248 1.5493371 -1.0067728 -0.25532314 -0.28332737 0.3650846
1046 0.39541286 -1.3639511 0.5967468 0.50735843 -1.0629728
827 0.97822046 -0.47861114 0.20611449 -0.61692363 -0.30416882
273 1.0508236 -0.5245536 0.023734726 -0.40020642 -0.2897792
1270 1.7216717 -0.62305903 -1.1758972 0.38194755 -0.5069045
1095 0.79204446 -1.0985739 -0.12350266 -0.44086158 -0.89172333
1164 0.9646663 -0.5633673 0.12084321 0.024804043 -0.35869518
331 1.4543154 -0.8671136 -0.117921636 -0.21426947 0.15742098
970 0.87056035 -1.3152283 0.42042744 -0.34740382 -0.16476041
833 1.5738852 -0.09239991 -0.040052917 -1.0470058 0.12745102
739 0.92283905 -0.9313997 0.65327907 -0.49155176 0.18216544
979 1.0328164 -1.1874701 0.05899055 -0.021076418 -0.20678742
1139 1.3773603 0.028360246 1.2969091 -0.42029682 0.8761322
985 1.5399739 -1.0117905 -0.24863032 -0.2664141 0.35412127
1225 1.6199615 -0.59828264 -1.0801963 0.29963732 -0.52452594
981 1.6074342 -1.0612494 -0.30065078 -0.19183485 0.34694782
526 0.94408834 -1.2212315 0.14433229 -0.36070362 -0.22333342
732 0.44951075 -1.2538043 0.52350754 0.4578545 -0.9855559
1209 1.0854957 -1.3656646 0.09866599 -0.16881931 -0.14216073
1153 1.5936357 -0.61026466 -0.9353085 0.16855866 -0.42655465
1276 1.546865 -0.5723773 -0.9588325 0.19098921 -0.44808224
67 1.3765138 0.2380243 1.3417578 -0.1251327 0.7576786
1223 1.7033561 -0.5710599 -1.162234 0.33880386 -0.519249
1155 1.6961935 -0.6047388 -1.1520363 0.34610882 -0.48251218
387 1.3423948 -0.55720615 -0.3394376 -0.15789773 -0.18667959
1279 1.6611139 -0.6005505 -1.0488757 0.2843435 -0.46322003
366 0.8893591 -1.2565769 0.2911273 -0.32937407 -0.23420607
1022 1.6416292 -0.22602995 -0.012331086 -1.0700381 0.17223895
1067 1.0021201 -0.6611009 0.15147412 0.1499949 -0.3051977
1078 1.166616 -0.91743207 1.105474 -0.8228645 0.742109
876 1.055543 -1.2075286 -0.6343239 -0.6885129 -1.0934447
1273 1.8213958 -1.11497 -0.38700607 0.052576885 0.4346706
989 1.7098472 -1.0870892 -0.22598709 -0.39396998 0.55818033
1280 1.6687108 -0.57391137 -1.108178 0.29496542 -0.464815
1227 1.5221531 -0.5097372 -0.8259568 0.050327916 -0.41898584
1175 1.1178529 -1.2415462 -0.57634795 -0.65947336 -0.92434204
1208 0.895151 -1.5104694 0.38524613 -0.47384167 -0.04618021
1220 1.6330289 -0.9594486 -0.25210217 -0.3096694 0.39250094
1101 0.8784365 -0.6290424 0.16646576 -0.11703287 -0.37583387
1275 1.8407165 -0.9351423 -0.24967657 -0.091445245 0.5396129
84 1.3549472 -0.47985289 -0.49442047 -0.050734047 -0.33192906
480 0.90047556 -1.5252806 0.22146119 -0.30500934 -0.1975677
1098 1.0326927 -0.5775672 0.049969625 0.058556046 -0.34422162
1174 0.94545054 -0.56216985 0.19086438 -0.37141252 -0.28390795
960 1.2020776 -1.3324537 -0.6919465 -0.5581544 -1.0375775
1212 0.9130268 -0.9674502 0.7441303 -0.4431382 0.17182006
399 1.1078359 -0.57892966 -0.09023094 -0.018937625 -0.28532603
894 1.6221128 -1.0046456 -0.12650272 -0.37890875 0.59308416
1181 0.94093 -0.62966466 0.21085528 -0.32218483 -0.20581281
1210 1.0399691 -0.56817883 0.25932968 -0.54407614 -0.17516024
1245 2.1060116 0.21753314 -0.1330016 -1.379851 0.46382755
1147 0.9943167 -0.5773378 0.046587683 -0.055210024 -0.292015
1217 1.9345297 -0.052890252 -0.09664978 -1.1488944 0.48003897
1219 1.1350551 -1.0081992 1.245185 -0.866669 0.83077276
1162 1.0007939 -1.3203151 -0.7002467 -0.63272685 -1.2658458
1076 2.0257893 -1.1882575 -0.4570028 0.09269505 0.6447973
1222 1.6849688 -0.5310835 -1.0964942 0.33869657 -0.4945777
1233 1.9942222 -0.6454601 -1.0886441 0.5740745 -0.15265924
1232 1.2582153 -0.67216974 -0.059417088 -0.12927967 -0.0099535715
1230 2.1161337 -0.5913173 -1.1711421 0.7945355 -0.06835435
858 2.0860484 -1.2900866 -0.4361711 -0.05923145 0.8525031
1271 1.9718746 -0.5715773 -1.4629735 0.1361711 -0.7203085
1094 1.8635577 -0.5034192 -1.2443055 0.54672104 -0.46296704
1267 2.1717231 -0.5707753 -1.8551425 0.83009994 -0.6091904
