1284 5
104 -0.4054686 -1.0570654 -0.39416552 0.03904871 -0.13273324
589 -0.16131453 -1.2931302 -0.27549005 -0.12955321 -0.23295225
528 -0.6009265 -0.96928316 -0.40096793 -0.475447 0.17321394
706 -0.09777543 -1.1729231 0.058593847 -0.17121463 0.5892044
568 0.05402266 -1.2312672 0.31588164 -0.093957745 0.6150331
799 -0.35084078 -1.1293538 -0.39673352 -0.2877839 0.2871185
326 -0.34731543 -1.0703893 -0.40197283 0.32969728 -0.18496428
448 -0.13451612 -1.1814553 0.18478331 -0.16100365 -0.22393626
358 -0.37032342 -1.1116016 -0.390504 -0.2872996 0.2876058
291 -0.5515547 -0.9395862 -0.42591906 0.14516836 -0.24010217
444 -0.32622027 -1.1217443 -0.32384145 -0.26790053 0.27493125
856 -0.40743443 -1.1199131 -0.43824247 -0.29260394 0.051593672
231 -0.3839812 -1.1081394 -0.402151 -0.3210269 0.26615265
431 -0.41211477 -1.0287659 -0.38174576 0.24652168 -0.21160342
687 -0.48959783 -1.0833391 -0.52449316 -0.08618021 -0.3127758
662 -0.1812924 -1.4266132 -0.6957902 -0.23168647 0.030070934
113 0.0004088111 -1.2942407 0.3015181 -0.15797772 -0.2853754
1206 -0.5688157 -0.9328771 -0.45225292 0.16757414 -0.26473173
559 -0.43925834 -1.0580498 -0.17395073 -0.20287748 -0.4509266
417 -0.017514912 -1.2850481 0.24842869 -0.15677498 -0.26271358
624 -0.43387395 -0.94088095 0.12447789 -0.50114053 0.5530164
137 -0.22259471 -1.257358 -0.53774947 0.0061945952 0.08254934
514 -0.103635095 -1.2245872 0.015844846 0.27146378 -0.44615772
233 -0.26813155 -1.0250912 -0.06650952 -0.050328 0.91799474
725 -0.11425624 -1.0957605 0.26967874 -0.09065731 0.3496839
283 -0.3190361 -1.2153566 -0.24751677 -0.2845136 -0.49515006
937 -0.111770116 -1.2393627 -0.039729748 0.22465391 -0.4227304
584 -0.26786655 -1.0681356 -0.040573362 0.013407145 -0.112155475
649 -0.116597846 -1.147148 -0.059184507 0.02668597 0.76196
793 -0.09088927 -1.2332432 -0.0032560695 0.30070868 -0.39063674
729 -0.120567724 -1.2284163 -0.06126013 0.20237783 -0.35713106
676 -0.7091506 -0.9392674 -0.39773613 -0.60294914 -0.029283166
773 -0.055789992 -1.2375623 0.07294598 0.3159294 -0.40035248
603 -0.08340163 -1.2555584 0.004360044 0.31994691 -0.48779243
266 -0.1200883 -1.220697 0.009844058 0.2779823 -0.47709337
299 -0.13601977 -1.2348554 -0.079546906 0.15192315 -0.40816355
957 -0.55748725 -1.0441065 -0.54697174 -0.08820567 -0.40840304
1117 -0.1059732 -1.2260948 -7.456164e-05 0.2873833 -0.43566006
133 -0.13971645 -1.2314844 -0.067901514 0.20478497 -0.46124867
424 -0.15293193 -1.3313208 -0.351251 -0.3209608 0.07247572
663 -0.32319504 -0.9039855 0.034349523 0.22249743 0.492634
742 0.012862504 -1.3075237 0.3492416 -0.16032399 -0.35177642
171 -0.12417331 -1.231309 -0.06324162 0.20202926 -0.39340368
216 -0.093237214 -1.2278757 0.021056507 0.32638246 -0.459259
673 -0.105113156 -1.2321687 -0.02924446 0.23418252 -0.3924073
433 -0.14977965 -1.2286242 -0.09343053 0.1870524 -0.4282971
573 -0.09118856 -1.2293234 -0.014098951 0.2152289 -0.31486633
272 -0.08057406 -1.2372173 0.011233658 0.21800448 -0.33832398
174 -0.42645147 -1.0151789 -0.52524287 0.2018175 0.21155296
136 -0.10203248 -1.2269183 -0.0026300547 0.22934516 -0.37383294
200 -0.1005219 -1.239755 -0.030698916 0.28888968 -0.43284294
507 -0.13359255 -1.2290137 0.002469078 0.2582382 -0.546916
439 -0.11885604 -1.2428305 -0.014822178 0.31720886 -0.54388946
54 -0.08746959 -1.2211344 -0.019297043 0.2998117 -0.31921566
668 -0.023501856 -1.0998492 0.7974138 -0.14761674 0.5442859
803 -0.098798126 -1.2557217 0.007758421 0.28880328 -0.53852457
185 -0.58830166 -1.0173917 -0.6998557 -0.16774493 0.12174327
243 -0.12228419 -1.2374082 -0.07660748 0.20778367 -0.3908038
521 -0.106745645 -1.244254 0.046703544 0.30170947 -0.5783235
707 -0.33683428 -0.88498765 0.12015318 0.27842376 0.5970768
74 -0.04846484 -1.2748802 -0.06893563 0.14177233 -0.17787373
791 -0.27333462 -1.188248 -0.151394 -0.53990036 0.27469298
254 -0.13359763 -1.248279 0.002073873 0.2697316 -0.62428766
276 -0.12407985 -1.236036 -0.02055923 0.22813526 -0.49085087
582 -0.13716419 -1.2468798 -0.071992606 0.15351498 -0.45942885
213 -0.10481829 -1.2379607 0.0056404658 0.22703478 -0.44546974
786 -0.09238079 -1.2448951 0.004988398 0.28865808 -0.473353
198 -0.09380135 -1.2382497 0.028875848 0.30858162 -0.48992518
506 -0.08167972 -1.2525411 -0.016076073 0.2938855 -0.43376288
936 -0.105383225 -1.2389989 0.002092743 0.26313412 -0.4842897
207 -0.42417938 -0.79466385 0.12116782 0.23315825 0.61095536
822 -0.09361344 -1.2541293 -0.04294477 0.2613679 -0.43733862
515 -0.1326735 -1.2271514 -0.046889648 0.15961578 -0.41609907
401 -0.1318943 -1.2234247 0.041160405 0.32776654 -0.601365
1035 -0.12782577 -1.2469662 -0.056736533 0.19625115 -0.4729903
203 -0.13640252 -1.240388 -0.07473188 0.22875895 -0.501438
699 -0.103217326 -1.2474259 -0.021999208 0.29430014 -0.49640548
40 -0.39804086 -0.9099631 -0.09291107 0.005496617 0.7053745
259 0.3280915 -1.7144153 -0.20769553 0.15923645 0.08868319
426 -0.0151213575 -1.3200102 -0.032161716 0.10644428 -0.2501867
563 0.07821735 -1.1861833 0.7011559 -0.034452163 0.48951414
867 -0.29789346 -1.0431641 -0.05098717 0.12658894 -0.2037931
373 -0.24355839 -1.159027 -0.3085968 -0.061364904 0.16103187
736 -0.09289432 -1.2344772 -0.021542192 0.27145827 -0.378916
782 0.009704466 -1.1588593 0.47386205 -0.0847724 0.36612156
114 -0.14277041 -1.211086 -0.02477028 0.2575711 -0.47614154
561 -0.07495537 -1.2412461 -0.018488778 0.29600212 -0.3405817
63 -0.11015991 -1.2438846 0.020838954 0.32242042 -0.5861114
223 -0.12173588 -1.247558 0.06097015 0.30901766 -0.6632173
36 -0.43371505 -1.0242292 -0.5473456 0.18159604 0.1745301
407 -0.13504013 -1.2183528 -0.00016211036 0.3043916 -0.53754395
610 -0.44942558 -1.0790089 -0.3853797 -0.38200504 0.090633646
738 -0.13962956 -1.2356791 -0.06932012 0.19866347 -0.45635286
630 -0.14307696 -1.2018751 -0.018253032 0.2537774 -0.44449958
360 -0.10645706 -1.2554983 0.045274045 0.27168915 -0.6050491
901 -0.10261335 -1.2443223 0.036420465 0.30741954 -0.5754231
385 -0.12381653 -1.2418396 -0.06578083 0.21314424 -0.44632834
552 -0.10660194 -1.2314619 0.005500352 0.31233528 -0.48914686
398 -0.098176606 -1.2449017 -0.039818224 0.2128049 -0.39219603
301 -0.16887295 -1.2248813 -0.09820981 0.15311271 -0.48124447
572 -0.44061184 -1.0677131 -0.36179233 -0.36213157 0.15767778
498 -0.12137425 -1.2381027 -0.030493796 0.23986891 -0.48343164
916 -0.100754686 -1.2451643 0.019396566 0.34356794 -0.5425868
493 -0.3415097 -1.1151153 -0.6120694 0.35349497 0.106414296
335 -0.02003286 -1.3151551 -0.034042954 0.12874788 -0.26924676
323 -0.18011837 -1.1565939 0.12036756 -0.36043885 0.12498642
756 -0.12598474 -1.2419156 -0.02191531 0.23979928 -0.5195982
807 -0.12684734 -1.2283978 0.0016990027 0.25104836 -0.5068894
675 -0.09768304 -1.2320832 -0.017882701 0.27858886 -0.3952111
754 0.074573 -1.5954365 -0.22536238 -0.098732434 -0.6466391
363 -0.5178093 -0.86041576 -0.06762645 -0.26320934 0.7784964
443 -0.06598039 -1.2451941 -0.0019587062 0.3063331 -0.35638952
30 -0.11042432 -1.2599151 0.036483545 0.31875664 -0.66983336
789 -0.065183364 -1.2308897 0.08645227 -0.2676623 0.4179298
128 -0.09964958 -1.2268436 -0.018813979 0.25354448 -0.37931758
239 -0.12124352 -1.2316937 -0.022392264 0.2185757 -0.45501515
570 -0.109495096 -1.2200845 -0.046046216 0.24697201 -0.32782328
446 -0.11589864 -1.2185394 -0.039074168 0.19341621 -0.3224263
667 -0.25034544 -0.9697601 0.0039277743 0.2758473 0.45037922
1018 -0.09193722 -1.2380908 0.008115783 0.3426115 -0.4639776
597 -0.09971732 -1.2246034 -0.0108560575 0.26493356 -0.36512983
1221 -0.15119736 -1.2827088 0.18056373 0.4867348 -1.0033246
1069 -0.10964229 -1.2415179 -0.018577492 0.19065242 -0.4318146
403 -0.09981173 -1.2513273 0.023974026 0.30964053 -0.56160825
287 -0.60402584 -0.933817 -0.7313433 0.19853611 0.23600273
154 -0.079219334 -1.2330846 0.04789283 0.3245873 -0.43595174
252 -0.114827454 -1.2383646 2.5439645e-05 0.27478868 -0.50341433
513 -0.11154741 -1.2576492 0.04284838 0.34046492 -0.6720578
614 -0.24549752 -0.9873727 -0.016233848 0.26706147 0.3794525
149 -0.14234021 -1.2371658 -0.03878214 0.17402846 -0.50659376
367 -0.1348437 -1.2383637 -0.015327573 0.30984828 -0.5999503
29 -0.18502513 -1.2368673 -0.13485943 0.1290527 -0.51894647
427 -0.113139115 -1.23424 -0.021426935 0.2714494 -0.4817637
34 -0.11612717 -1.2528452 -0.023129812 0.21501786 -0.51301163
53 -0.13072269 -1.2456145 -0.022060676 0.25719833 -0.56198376
269 -0.18910676 -0.9200807 0.3213843 0.38098082 0.5700815
897 -0.11493497 -1.2539319 0.071678184 0.33067 -0.6870209
724 -0.3477421 -1.119155 -0.61596817 0.32123893 0.07012929
596 -0.10940097 -1.2234006 -0.010734894 0.2883186 -0.43045452
747 -0.22669087 -0.99229527 0.00066562026 0.26439387 0.43559027
129 -0.08761177 -1.2439022 -0.015248868 0.21669827 -0.37890565
501 -0.13975939 -1.2183114 -0.025654007 0.21327263 -0.4572051
41 -0.7669371 -0.8606494 0.032229736 -0.10562888 -0.8747261
627 -0.086489 -1.2289765 -0.00038976024 0.26993233 -0.35577175
488 -0.12101198 -1.2298962 -0.021286422 0.23160145 -0.45650288
140 -0.14523399 -1.2281477 -0.0408199 0.17288412 -0.4794597
378 -0.14642799 -1.2199606 -0.040900055 0.17362761 -0.43982953
393 -0.10615129 -1.2191815 0.01423056 0.28756568 -0.4435011
558 -0.08515668 -1.2355978 -0.011189155 0.30396172 -0.37783885
92 -0.090803064 -1.253744 -0.031141007 0.28765547 -0.44536754
357 0.17912331 -1.3964233 -0.060230214 0.52801615 0.37351328
106 -0.124596104 -1.2362968 -0.01719357 0.25775677 -0.5047212
25 -0.3416621 -1.1043085 -0.62535995 0.3775602 0.17714877
47 -0.28464285 -0.9528128 -0.020856226 0.22789688 0.4397577
529 -0.105994366 -1.2467189 -0.04038637 0.106288575 -0.36622226
925 -0.10073506 -1.2398528 0.06520416 0.3366163 -0.5840648
132 -0.124314345 -1.2225809 -0.060368113 0.24756674 -0.39521748
672 -0.602038 -1.1776437 -1.0064852 -0.2792862 -0.06780401
765 -0.093258664 -1.2370723 -0.024724012 0.26832834 -0.37221304
483 -0.37064704 -1.102761 -0.6755437 0.37299177 0.1396314
236 -0.14963913 -1.2475709 0.07223473 0.32434005 -0.77228767
127 -0.109862246 -1.23377 -0.024190973 0.18367504 -0.37845826
1068 -0.14765589 -1.2163246 -0.051370487 0.1892107 -0.41961032
73 -0.1220553 -1.2394973 0.026325446 0.2110113 -0.5395363
998 -0.15158792 -1.3016376 0.24426314 0.43380332 -1.0744972
594 -0.32038322 -1.2030625 -0.39600474 -0.36820143 0.018417753
297 -0.1733853 -0.9399715 0.30537885 0.38402125 0.5602928
37 -0.22175477 -1.0135964 0.087627925 0.14779735 0.8012641
485 -0.37109023 -0.9283892 -0.09106092 0.008935862 0.7139224
839 -0.18653136 -0.9324597 0.3062854 0.36235973 0.55895066
651 -0.3300264 -1.1192023 -0.6112768 0.34548533 0.11761016
815 0.20206213 -1.4159844 -0.0615483 0.57000345 0.40145886
352 -0.41085073 -1.1120093 -0.7323196 0.31900057 0.03532226
628 -0.35950765 -1.1087629 -0.6584094 0.37470543 0.13585255
1004 -0.4045482 -1.111471 -0.72730964 0.30069557 0.07753495
606 -0.33542418 -1.1090788 -0.57268834 0.31417704 0.11948418
126 -0.1056466 -1.2610368 0.011873942 0.2954015 -0.60242665
1056 -0.16128694 -1.2154322 -0.0047526765 0.187913 -0.53304386
337 -0.527979 -0.9821158 -0.6243373 -0.027208412 0.5613923
400 -0.32004827 -1.1177084 -0.5872159 0.35988587 0.12875211
783 -0.20757703 -0.89803904 0.33827412 0.38357684 0.5638067
899 -0.14460139 -1.2120848 0.12575553 0.26846814 -0.5186971
567 -0.110587165 -1.2369595 -0.024302436 0.19070315 -0.39306003
23 -0.11038105 -1.2390823 -0.024175156 0.25155854 -0.44460097
785 -0.5770693 -0.9453884 -0.66117644 0.16341478 0.22039045
1000 -0.115788646 -1.2287982 -0.004950792 0.26990715 -0.46817482
1059 0.21980006 -1.4377433 -0.06319786 0.5806155 0.43333998
172 -0.13519801 -1.2527035 0.011979058 0.24296749 -0.6466107
240 -0.2819975 -1.2083613 -0.36146966 -0.29286024 0.03842111
657 -0.100738235 -1.256654 -0.015089413 0.19271778 -0.4846242
541 -0.32519197 -1.1216489 -0.6025447 0.34613287 0.12877911
1033 -0.1273248 -1.3008393 0.17663608 0.4611557 -1.0050082
681 -0.3871643 -1.1483752 -0.39293605 -0.4622991 0.1978801
532 0.033863623 -1.2952819 -0.14175025 0.2374173 0.68802065
744 -0.21573545 -1.2117465 -0.026663488 0.12022222 -0.6657802
408 -0.8583478 -0.8184568 -0.7304046 -0.03067727 -0.17988329
800 -0.13730189 -1.2280293 -0.06946061 0.19295998 -0.4113615
625 -0.121239394 -1.2478406 -0.023597078 0.20691483 -0.51267326
135 -0.6237744 -0.9430024 -0.7244043 -0.09049372 0.6627698
602 -0.15740979 -1.2061465 -0.03360977 0.2307164 -0.4881477
752 -0.12911007 -1.2227694 -0.01819414 0.18191871 -0.4259909
248 -0.07695666 -1.3126225 -0.21008626 -0.13617973 0.0889984
463 -0.44183066 -1.0721534 -0.37141415 -0.36565638 0.11943029
71 -0.33709922 -1.1270349 -0.62944746 0.32482922 0.10999665
312 -0.12973695 -1.2168139 -0.036554854 0.29983965 -0.45221075
1037 -0.86591303 -0.8536497 -0.3704105 -0.6609896 -0.10635424
932 -0.09531491 -1.2850438 0.104503214 0.33992428 -0.7699011
722 0.039696645 -1.3166151 0.3274002 -0.3751038 0.1240086
824 -0.111995116 -1.213847 -0.017043645 0.25955883 -0.3596641
139 -0.32498017 -1.2072796 -0.38983628 -0.38625047 -0.006666688
131 -0.28676233 -0.843385 0.48356387 0.40576795 0.72819173
790 -0.16945726 -1.2406763 0.0038445904 0.17684576 -0.67392266
420 -0.1595662 -1.2195103 -0.01653921 0.23382643 -0.57000506
425 -0.24473472 -0.855524 0.41583884 0.39853358 0.65827274
1027 -0.120043285 -1.21695 0.052705668 0.28183484 -0.5214413
713 -0.8234452 -0.8004442 -0.7012763 0.085928746 -0.085882545
211 -0.12808758 -1.307096 0.14799309 0.39370465 -0.98877245
292 -0.3408836 -1.1024078 -0.6321885 0.43235275 0.16137071
598 -0.32897118 -1.211503 -0.38941488 -0.4094644 -0.0161749
209 -0.12864695 -1.2499732 0.053221405 0.30487382 -0.69030136
1134 0.2516385 -1.4697613 -0.04861725 0.5614278 0.4192702
119 -0.22284116 -0.8964217 0.43903077 0.4532113 0.6352224
336 -0.35198522 -1.1184125 -0.6218966 0.3472338 0.029574892
477 -0.3549227 -0.9365418 -0.04335734 0.14084204 0.6918074
224 -0.31884378 -1.1915485 -0.35413584 -0.34864166 -0.028217843
191 -0.3763007 -1.1924176 -0.17024921 -0.8536071 0.38467336
804 -0.16369204 -1.3032854 0.17550452 0.3896895 -1.0704995
884 -0.38631344 -0.980393 0.09458466 0.18562178 -0.5246762
683 -0.13139133 -1.2421669 -0.016854445 0.19378869 -0.53402615
453 -0.1619719 -1.2163858 -0.04143829 0.22492798 -0.53654784
327 -0.8621504 -0.63948804 0.25188035 -0.1386254 1.0983996
768 -0.17358142 -1.0885332 0.0737197 0.055419378 1.1208907
123 0.17533022 -1.4095948 -0.09795998 0.48510322 0.3872853
616 -0.13196068 -1.2429789 0.13282251 0.33015886 -0.76816005
322 -0.40591857 -1.1202731 -0.73383987 0.28486878 0.04414346
319 -0.081521675 -1.2417895 -0.006303407 0.28158894 -0.3927983
277 -0.16354199 -0.9792209 0.172156 0.42917225 0.42752248
930 -0.14569716 -1.3010099 0.20333166 0.41910136 -1.0539913
289 -0.36330962 -1.1019975 -0.6309133 0.3421175 0.12697358
542 -0.5739323 -1.0075277 -0.007125249 -0.8567848 0.50870705
17 -0.4507313 -1.1202482 -0.06746607 -0.93517697 0.49274516
710 -0.32393888 -1.1235865 -0.5707533 0.31708562 0.08379739
719 0.16247971 -1.3855408 -0.055718884 0.4432146 0.3299409
270 -0.11170345 -1.2086061 -0.0033308803 0.2398677 -0.33634403
320 -0.23711023 -0.89419705 0.3339071 0.47720918 0.67041403
195 0.21650353 -1.4388096 -0.06868097 0.56282955 0.45776594
540 -0.16426554 -1.2855487 0.19190754 0.45548242 -1.029898
339 -0.11088938 -1.2152389 0.0772648 0.32518452 -0.5363472
912 -0.10197485 -1.2856492 0.12847972 0.41534424 -0.8385956
601 -0.3725461 -1.1302553 -0.66660017 0.26706177 0.029936003
469 -0.11883222 -1.3111267 0.22119534 0.44697356 -1.0130057
737 -0.26480913 -0.86097205 0.45356223 0.4458603 0.71830344
871 -0.36963823 -0.7717158 0.5929126 0.4389195 0.8322472
90 -0.37716818 -1.1245985 -0.6806534 0.28517962 0.055024005
564 0.0061596003 -1.2885572 0.31108487 -0.39675635 0.17081477
456 0.04568348 -1.3071995 -0.14246936 0.24652457 0.7229859
341 -0.40607983 -1.114823 -0.7147496 0.2932927 0.020009845
769 -0.36798805 -1.1270615 -0.66292065 0.27634764 0.05515
141 -0.14735253 -1.2993143 0.09310791 0.39187604 -0.96423936
340 -0.55444825 -0.8915001 0.14607206 -0.14192101 1.4347615
801 -0.16686668 -1.2172762 -0.07159867 0.15719339 -0.4834607
355 -0.17655507 -0.9706696 0.17746446 0.37833244 0.47252676
873 -0.24593192 -0.87953675 0.42357755 0.41021717 0.6215237
697 -0.4026499 -1.0824691 -0.7022924 0.36994833 0.17377977
646 -0.37165654 -1.1109926 -0.6823501 0.3636196 0.10465298
389 -0.3676342 -1.1135454 -0.6417506 0.33290562 0.048174627
253 -0.16556689 -1.2356477 0.09328714 0.36229807 -0.81934786
279 -0.15411606 -1.3134818 0.20868582 0.3924966 -1.0898815
412 -0.15438773 -1.2422694 -0.0070363428 0.2808858 -0.67353487
78 -0.10317598 -1.2233198 -0.037904736 0.32349193 -0.3936556
1045 -0.13311823 -1.2091432 -0.016601585 0.20657972 -0.3942107
288 0.04855417 -1.3063762 -0.14203656 0.24290912 0.73223615
560 -0.36702228 -1.1158661 -0.6731626 0.3410987 0.088412106
83 -0.05244626 -1.3182993 0.040518574 -0.52519566 0.7520968
755 -0.10995334 -1.2448864 -0.011057309 0.2850343 -0.5072041
179 -0.35713735 -1.1250671 -0.6561828 0.2993861 0.08787172
303 -0.10821786 -1.2319456 0.00036753906 0.2488969 -0.4568025
607 -0.27992854 -1.2061294 -0.33416232 -0.32129318 0.04125646
633 0.17481896 -1.4113181 -0.085264735 0.47889692 0.35608968
177 -0.14889596 -1.2441925 -0.0088025285 0.21825032 -0.62402666
788 0.18507874 -1.4172808 -0.08371793 0.49118498 0.36931315
388 -0.098451056 -1.2185926 -0.015442208 0.19991684 -0.28980473
134 -0.10302778 -1.2254738 -0.0070268232 0.2297551 -0.35935804
143 0.049650695 -1.2895318 0.2870968 -0.2210151 0.16863082
334 -0.40190786 -1.1671952 -0.47638243 -0.52432555 0.37226453
296 0.1031178 -1.5533234 -0.2602337 -0.15708902 -0.11152904
655 0.1646217 -1.3876102 -0.06766524 0.49151137 0.31679192
535 -0.31332794 -1.0179752 -0.1830635 0.07028422 0.25541165
1055 0.26467484 -1.4871931 -0.06855617 0.6300443 0.4361735
593 -0.10565347 -1.2335665 -0.019324815 0.24345915 -0.4173634
165 -0.11892837 -1.3176792 0.14395785 0.40744525 -0.9871277
851 -0.16408455 -1.3073885 0.17566352 0.47360182 -1.0950291
1112 -0.5566719 -1.1378198 -0.55256 -0.8004791 0.47678614
658 -0.31458595 -0.9092605 0.077929944 0.31514168 0.5550915
1044 -0.3757389 -1.1188848 -0.693587 0.33725995 0.06893268
242 -0.37334603 -1.1101888 -0.6470941 0.31914195 0.04687698
1145 0.22079957 -1.4432787 -0.08747561 0.6058525 0.46260697
581 -0.16299844 -1.3045561 0.20970105 0.42257923 -1.0910894
228 -0.33479714 -0.8027493 0.5081281 0.43235555 0.74447143
313 -0.15308942 -1.2451174 0.056624703 0.3215425 -0.77203107
934 -0.13271195 -1.2935424 0.25272784 0.48973578 -1.0418994
215 -0.017751407 -1.2875965 0.24021351 -0.36141437 0.054726187
1060 -0.10518398 -1.2211637 -0.031604126 0.2837336 -0.37622076
117 -0.26082233 -0.85526425 0.47445297 0.4270722 0.71972317
94 -0.32145578 -1.1155347 -0.5670058 0.33963346 0.11219659
749 -0.15416035 -1.0054823 0.12756792 0.38797238 0.4122817
1143 0.18424411 -1.4108406 -0.064307556 0.48718116 0.33525744
260 -0.37752178 -1.016807 -0.28429788 -0.100116834 0.414456
167 -0.32809505 -1.20016 -0.37775004 -0.37779856 -0.046887595
64 -0.4248662 -1.0892537 -0.7598395 0.373623 0.1534653
330 0.12971011 -1.5832112 -0.2581993 -0.14245328 -0.121908054
402 0.047093414 -1.2374318 0.42802843 -0.13066112 0.64173967
226 -0.46997598 -1.0785702 -0.8282655 0.36177823 0.13260679
24 -0.36500916 -1.0957385 -0.6424976 0.3956876 0.14178744
940 0.099308535 -1.550751 -0.26318043 -0.14392167 -0.11310539
556 -0.018783176 -1.2741507 0.20006573 -0.26161033 0.057433054
478 -0.3344819 -1.1081856 -0.6170395 0.4261076 0.1359381
1079 -0.15522495 -1.2932982 0.1638064 0.36233613 -1.005719
866 -0.14704058 -1.2574917 0.0483207 0.1269614 -0.71353364
411 -0.38390198 -1.1053054 -0.6795866 0.29726273 0.14702475
234 0.03355036 -1.2878364 0.29377842 -0.245249 0.13303217
204 -0.1629466 -1.3054643 0.21093117 0.3712689 -1.0847428
910 -0.12437599 -1.3217262 0.21109203 0.501462 -1.0543913
451 -0.15489112 -1.2434494 -0.00013363501 0.17679532 -0.6365655
188 -0.16399682 -1.3046575 0.18652317 0.37635386 -1.075275
452 -0.58908397 -1.0118521 -0.44927818 -0.53667635 0.19114281
905 -0.2313164 -1.2437041 -0.05024972 0.16437407 -0.8372848
547 -0.42490414 -1.1054428 -0.7672931 0.3020481 0.11394564
111 0.23740485 -1.4487928 -0.048697423 0.5942314 0.47431466
641 -0.35256538 -1.1089551 -0.58042604 0.26247784 0.044294316
230 -0.16588703 -0.97063404 0.22388458 0.3771383 0.4635574
671 -0.1262738 -1.3036108 0.22805643 0.46926665 -1.0066963
763 -0.020736126 -1.2894901 0.2997594 -0.40841872 0.016725684
777 0.18550916 -1.4057859 -0.06146927 0.50546646 0.3678269
372 -0.42123535 -1.115049 -0.7617948 0.32159784 0.07294021
261 -0.28051516 -0.8431898 0.5208298 0.4349928 0.7347316
579 -0.023191178 -1.2562191 0.2145597 -0.24243718 0.1289224
50 -0.40596852 -1.1402171 -0.7676061 0.2554165 0.030894559
720 0.18418649 -1.562603 0.16960056 -0.40103492 0.043435156
1020 -0.1321114 -1.2346096 -0.0005697223 0.24198152 -0.5547405
376 -0.44252765 -1.238036 -0.25529072 -0.35994074 -0.96732163
495 -0.14459752 -1.2811114 0.18515377 0.36960194 -0.96337557
1111 -0.55980074 -1.1359202 -0.5503812 -0.80651474 0.4726963
22 -0.35193482 -1.102118 -0.6201658 0.350708 0.13308091
600 -0.36212844 -1.040879 -0.27318716 -0.1903427 0.48931032
1086 0.14591718 -1.3599949 -0.05326105 0.47611323 0.4055095
62 -0.14813924 -1.2597449 -0.0086726565 0.1936284 -0.67184293
544 -0.43639326 -1.0744611 -0.755617 0.38054717 0.16457364
818 0.04327225 -1.3039705 0.33400914 -0.3260061 0.13604641
1130 0.24218196 -1.4632342 -0.070411116 0.5778087 0.46004146
410 0.16862625 -1.3873488 -0.064676516 0.5180635 0.37744126
491 -0.32279772 -1.1177317 -0.5615809 0.31517988 0.092542246
1137 0.21651869 -1.4455196 -0.0926021 0.60515267 0.40372306
265 -0.4135623 -1.1207184 -0.7304927 0.2635414 0.030493042
229 -0.32445127 -1.0991045 -0.5576981 0.3678716 0.16317952
941 -0.28521037 -1.2073529 -0.3529363 -0.33902034 0.06993734
295 -0.084203094 -1.2433827 0.053121388 0.34203646 -0.51075584
271 -0.13882221 -1.0047549 0.16097528 0.4402608 0.4403288
886 -0.14741603 -1.324003 0.2204923 0.47688884 -1.1274298
767 -0.16819493 -1.2352437 -0.06657875 0.16316533 -0.56732494
392 0.16086176 -1.400437 -0.10899786 0.4796679 0.35077906
776 -0.43801373 -1.1227005 -0.81683576 0.28764936 0.04600861
891 -0.6667621 -1.005159 -0.45288262 -0.734279 0.22942029
328 -0.37553668 -0.7717446 0.57524943 0.4151909 0.77495986
251 -0.2791404 -1.2029797 -0.3391027 -0.30662134 0.06849307
808 -0.35830995 -1.1146193 -0.66294825 0.3536927 0.10510285
1141 0.03879514 -1.3241029 0.41601694 -0.51142216 0.15310676
574 -0.4719759 -1.1105924 -0.89619064 0.33639488 0.12324146
1125 0.3040898 -1.5297089 -0.06342053 0.6247074 0.490722
770 -0.27271456 -1.0402825 -0.15420885 0.098503426 0.25318637
257 0.20025353 -1.4253755 -0.054498293 0.49440837 0.34232152
888 -0.15465449 -1.2798069 0.19167529 0.30982855 -0.9627966
761 -0.35971043 -1.1196861 -0.6593352 0.33561516 0.11105117
487 -0.12776498 -1.3368343 0.21271335 0.48916233 -1.1018076
468 -0.109786786 -1.228031 -0.04886313 0.296571 -0.4011867
472 -0.12192666 -1.2369659 0.022063112 0.23244236 -0.5520359
674 0.00066209584 -1.280489 0.2425019 -0.29785633 0.114472486
639 -0.21131288 -0.9352157 0.21319471 0.32445574 0.4996066
38 0.014489906 -1.2942913 0.3389985 -0.40475827 0.13742408
1236 -0.12195247 -1.328997 0.22903435 0.5209028 -1.0956651
342 -0.17086191 -1.310346 0.15770485 0.457189 -1.127135
397 -0.0036771332 -1.2723775 0.22434188 -0.24531169 0.09322342
125 -0.43244743 -1.0786613 -0.73174477 0.31080118 0.16067906
1073 -0.5636838 -1.0215439 -0.43650183 -0.4797525 0.14273544
993 -0.15549193 -1.2358081 0.114254676 0.26225987 -0.7667342
841 -0.2649776 -0.8432701 0.4890566 0.49583766 0.7381123
59 -0.34975883 -1.1004596 -0.6105865 0.3304047 0.191631
613 0.1719524 -1.4762094 -0.16244608 0.11390519 0.7105472
698 -0.20693173 -1.0304497 -0.016162107 0.11422794 0.6603531
952 -0.46584967 -0.86567694 -0.03602737 0.014180622 0.90032923
286 -0.3338819 -1.1094238 -0.6092231 0.38836944 0.15121727
911 -0.14391895 -1.317803 0.18515839 0.5070545 -1.0817516
648 -0.3325756 -1.2557313 -0.04551547 -0.97199535 0.0758665
146 -0.2830715 -1.2197162 -0.35959217 -0.3064442 -0.011225734
449 -0.34488973 -1.201729 -0.4053106 -0.42140746 -0.018069247
780 -0.12430464 -1.0058407 0.19772635 0.43937266 0.45568117
152 -0.072002605 -1.2458152 0.08130925 0.3817154 -0.5282461
103 -0.37521532 -1.1165572 -0.6736574 0.3262757 0.053709302
1023 -0.33088064 -1.2079148 -0.4090685 -0.4084351 0.06431237
924 -0.4150216 -0.74489486 0.6356286 0.42840543 0.8591761
57 0.003140766 -1.2831309 0.28933555 -0.3469728 0.10438062
502 -0.32135752 -1.0105872 -0.1706565 0.048346248 0.23048662
382 -0.652342 -0.93808484 0.22372101 -0.98889506 0.1579847
293 0.20252475 -1.4174473 -0.072263606 0.5735181 0.39547026
466 0.19518156 -1.4080994 -0.04289924 0.5151552 0.43593597
696 0.14720173 -1.3742868 -0.081270315 0.48599774 0.30975398
935 -0.13675994 -1.3038557 0.20855299 0.47618464 -1.0397763
315 -0.32973516 -1.1070182 -0.5903748 0.3698478 0.15323876
314 -0.15956612 -0.989687 0.17006956 0.37409598 0.44166547
455 -0.1190344 -1.2285829 0.029803036 0.33067736 -0.55697143
1133 -0.02923411 -1.3115643 -0.16998479 -0.06393349 0.37079036
395 -0.29411837 -0.82595044 0.4859561 0.48386097 0.75880736
148 -0.35787633 -1.1022197 -0.64213395 0.38494134 0.12902899
836 -0.4618252 -1.0754877 -0.81650215 0.38858557 0.15052396
46 -0.42723078 -1.0974557 -0.7513864 0.34587246 0.06070172
467 -0.42728075 -1.0911726 -0.7546964 0.3544154 0.12935203
72 -0.013159202 -1.2953832 0.19293852 -0.33978802 0.088558935
640 0.0040515186 -1.2815832 0.30646548 -0.35193026 0.12926824
580 0.22182283 -1.4396268 -0.056997165 0.6201346 0.43615216
849 -0.13027333 -1.3330365 0.2102733 0.4872676 -1.1060457
629 -0.34906685 -1.2071593 -0.45349944 -0.36913776 -0.045523148
1038 -0.08431103 -1.2197645 0.034442414 0.32898438 -0.40161127
1050 -0.41322333 -1.1004571 -0.7783682 0.3998541 0.15270796
1005 0.22674912 -1.4435085 -0.06132448 0.6200029 0.3864226
626 0.22629675 -1.4432433 -0.055538386 0.5813337 0.42681348
1019 0.20786655 -1.4372123 -0.07844411 0.49760118 0.32418007
576 0.036800023 -1.4938014 -0.27680176 -0.12553206 -0.16376172
450 0.053469587 -1.4796016 -0.23220909 -0.12737341 -0.08697311
852 -0.10308498 -1.265085 0.02705019 0.23243509 -0.6038219
31 -0.41080573 -1.1141205 -0.72438747 0.27031407 0.06092055
428 -0.4331355 -1.0672935 -0.35558134 -0.36918777 0.18794547
823 0.26842824 -1.4940511 -0.07202027 0.6262022 0.42642078
619 -0.3660985 -1.2082665 -0.476672 -0.4212341 -0.035596617
99 -0.34095722 -1.1080327 -0.61907285 0.38274997 0.14603305
476 0.09290272 -1.5686872 -0.29128018 -0.18671563 -0.15541507
1032 -0.131676 -1.3004888 0.19464588 0.5257271 -1.0175005
1104 0.10845497 -1.5694455 -0.2674915 -0.1677223 -0.14248349
892 -0.13828102 -1.3383235 0.18490012 0.4940392 -1.1340625
694 -0.31000775 -1.1262082 -0.5763901 0.34000093 0.14079176
862 -0.35433418 -1.1236476 -0.6518058 0.27800503 0.1475382
250 -0.037610706 -1.2663329 0.19598655 -0.3294533 0.06509281
130 0.2403362 -1.4636707 -0.071573615 0.61245984 0.4303501
197 -0.3477395 -1.114007 -0.63945603 0.3771814 0.10840579
44 -0.4391888 -1.1130106 -0.83195573 0.36446294 0.11298082
762 -0.6652396 -0.8515447 -0.19005245 -0.30701637 -0.17849909
820 -0.22734165 -0.9065058 0.31675354 0.48907122 0.5639458
904 -0.12952267 -1.3349856 0.19042024 0.47458407 -1.0938362
473 -0.42023835 -0.86712843 0.64794654 -0.3953577 0.6893486
217 -0.33904922 -0.89847964 0.076436915 0.30371478 0.5196492
520 -0.1689536 -1.2885079 0.14520176 0.41652396 -1.0241963
43 -0.036803387 -1.281259 -0.14828089 -0.004736763 0.36451194
906 -0.5032911 -1.1209267 -0.92491233 0.27150667 -0.0047483826
816 0.21701275 -1.4344629 -0.07618028 0.5998814 0.44309202
87 0.13956405 -1.3660156 -0.1144431 0.5743505 0.35788724
1200 -0.13603692 -1.3003416 0.27910864 0.47831756 -1.0614712
1121 -0.3360169 -1.2027475 -0.3890823 -0.4589056 0.083306335
80 -0.1616813 -1.0066673 0.98776555 -0.38475078 0.7002512
810 -0.1453896 -1.249169 0.035676144 0.35791582 -0.75554925
842 -0.40586728 -0.75188464 0.61062044 0.44291523 0.8547907
1127 0.28811994 -1.5124439 -0.062728964 0.65988517 0.44682547
415 -0.3317397 -1.1268955 -0.62692046 0.30076826 0.17122081
163 0.18584108 -1.4054053 -0.08153581 0.5841072 0.39870274
1006 0.008861604 -1.3036246 0.37653664 -0.49497208 0.16211922
611 -0.33729616 -1.112654 -0.62094617 0.36649218 0.16987126
709 -0.33477962 -1.2104689 -0.40288988 -0.39645603 -0.067328475
405 -0.23477992 -1.210489 -0.55096 0.096325785 0.37386924
1063 -0.5863091 -1.1165936 -0.54125094 -0.818293 0.44657063
481 -0.08536271 -1.2481622 0.05944921 0.33936036 -0.5463364
419 -0.06646797 -1.2781237 -0.18095908 -0.055433244 0.3087376
997 -0.18995057 -1.2713492 0.0668288 0.3632399 -0.9715093
97 -0.097916596 -1.2631638 0.0056396816 0.25977573 -0.5536633
348 -0.29843238 -0.8279956 0.48750958 0.4553361 0.7667467
654 -0.3275174 -1.1282356 -0.59219 0.29587922 0.100667514
1003 -0.41767165 -1.1072025 -0.77750397 0.36345407 0.085590154
346 0.20430157 -1.5221096 -0.17434458 0.122424535 0.7369749
586 -0.36761048 -1.2097149 -0.47193268 -0.42642784 -0.01665219
745 -0.07634917 -1.2509955 -0.14774129 0.010867476 0.2341855
440 -0.44389042 -1.2223499 -0.5091412 -0.66679764 -0.05969911
1265 -0.14701104 -1.3027083 0.24728128 0.4086115 -1.066639
796 0.19141108 -1.4132634 -0.06669451 0.5317724 0.42451203
479 -0.5699121 -1.1116946 -0.53073 -0.78373146 0.4720923
538 -0.40784478 -1.1122206 -0.7730404 0.36447257 0.13552351
246 0.080138944 -1.5383159 -0.27123323 -0.16653505 -0.14069612
262 -0.048940577 -1.2599999 0.21162613 -0.3204213 0.019165335
819 0.21627268 -1.4311248 -0.06254538 0.5948955 0.43403932
798 -0.034506187 -1.2928622 0.29652146 -0.47740003 0.014850567
983 -0.1811418 -1.2927785 0.14077733 0.37474072 -1.0565206
70 0.17481193 -1.3853627 -0.06809776 0.58268535 0.38922158
51 0.015440297 -1.2711515 0.36223695 -0.22454938 0.18804641
454 -0.18188615 -1.2464154 -0.027149836 0.20234072 -0.7434241
617 -1.0814873 -0.59464157 -0.17187682 -0.44005656 -0.045166295
321 -0.18699339 -1.2624074 0.060222812 0.319957 -0.9229904
1250 -0.24134137 -1.3742226 0.41497296 0.5785364 -1.2686805
636 0.0789254 -1.54756 -0.27957693 -0.18466064 -0.16084877
660 -0.51583755 -1.034267 -0.73090965 -0.013517571 0.565107
307 -0.3261204 -1.1832596 -0.3646707 -0.38624206 0.11291944
806 -0.33338064 -1.1219921 -0.5958607 0.29030716 0.1514656
1144 0.222619 -1.4421165 -0.09439038 0.65160966 0.4411735
1239 -0.80746335 -0.89103824 -1.0325496 0.16891865 0.29924643
753 -0.36348262 -0.8915466 0.58174354 -0.32986578 0.6392111
670 -0.04077853 -1.3005569 -0.17073321 -0.045941923 0.2714714
184 -0.1676382 -1.3068811 0.14310192 0.35054016 -1.0432465
608 0.0012673733 -1.2855119 0.32234085 -0.3939268 0.1139132
437 -0.0014850566 -1.296699 0.31112495 -0.44801992 0.13042608
39 -0.17533062 -0.97714883 0.18826729 0.33864704 0.4413971
703 -0.011259437 -1.2777698 0.20826994 -0.26086247 0.072364904
757 -0.39097422 -1.2030187 -0.438213 -0.48996592 -0.096784756
484 -0.24418415 -1.5913794 -1.2252969 -0.03271981 -0.18904299
623 0.22391962 -1.4419534 -0.049439605 0.5849946 0.43092772
583 -0.6975739 -0.97498363 -0.51614106 -0.6411311 0.19535539
256 -0.6971785 -0.71882486 0.048780557 -0.009988129 1.1332306
300 0.21619292 -1.4345307 -0.07457056 0.6161138 0.40149394
853 -0.48812893 -1.1143119 -0.8885198 0.26245967 0.031479966
1070 -0.051114216 -1.2909932 -0.15135424 -0.108939275 0.3210665
531 -0.002052325 -1.2725627 0.24681953 -0.28863803 0.12290398
345 -0.11900554 -1.1557865 -0.029792888 -0.012914816 0.4255869
310 0.17620252 -1.3861378 -0.052849792 0.57966685 0.3933991
631 -0.34301886 -0.89557284 0.04325715 0.31948033 0.5052771
831 -0.3814455 -1.191617 -0.4594423 -0.41332442 -0.07157782
489 -0.040368717 -1.2798579 0.24443483 -0.41648364 0.046523843
445 -0.3896179 -1.1624683 0.019396963 -0.8204057 0.04610338
474 -0.044580434 -1.2855504 0.3035427 -0.4772372 0.027518747
771 0.27921432 -1.5287215 -0.10716598 0.54107475 0.4682983
208 -0.40599513 -0.7459409 0.63599914 0.46710107 0.87860733
189 -0.18638462 -1.2777067 0.104248844 0.3446822 -0.9969849
795 -0.17021443 -1.3129499 0.16773568 0.32429725 -1.0798838
190 -0.4059075 -1.1044847 -0.74456716 0.36853912 0.12065637
344 -0.2013385 -0.9297436 0.33484378 0.43704394 0.6043997
750 0.22461645 -1.453063 -0.06654822 0.53360075 0.3946722
512 -0.5063394 -1.1527212 -1.0093515 0.24459967 -0.00175771
324 0.06970248 -1.5748028 -0.3430928 -0.2153848 -0.18671954
1156 -0.635433 -1.0909891 -1.1791221 0.4293439 0.11878147
274 0.23025978 -1.465927 -0.08653371 0.52031267 0.39345863
490 -0.137723 -1.3074754 0.17806695 0.4124504 -1.0193248
959 -0.16230236 -1.316962 0.2033689 0.32415912 -1.0944998
194 -0.43253675 -1.1797814 -0.49023485 -0.48329702 -0.10957534
781 -0.4120375 -0.97983485 -0.2506902 -0.03204699 0.2201231
991 -0.18716086 -1.2906042 0.16394295 0.4217009 -1.0927501
151 -0.057887875 -1.280146 -0.18747973 -0.02578443 0.35516852
66 -0.52080005 -1.111731 -1.0056189 0.33145937 0.12947549
1034 -0.71227443 -0.72526544 0.41260725 0.04068465 1.3818095
318 0.2886504 -1.5102544 -0.07498035 0.6658731 0.45397767
413 0.04805852 -1.5137494 -0.3040143 -0.10772573 -0.18665716
304 -0.13738929 -1.3048747 0.23818153 0.5568144 -1.082673
116 -0.3100097 -0.9438085 0.064204864 0.14771572 0.8397831
1237 -0.18951364 -1.3027712 0.15549421 0.42774972 -1.1121516
212 -0.37900585 -1.1221373 -0.7043423 0.2575781 0.15757039
52 -0.41290137 -1.0930334 -0.7238212 0.32515574 0.13645668
503 -0.041229762 -1.2735837 -0.14447752 0.0021155598 0.36971748
743 -0.18180381 -1.2988399 0.11569501 0.31634253 -1.0472491
1119 -0.332273 -1.311557 -0.53460765 -0.72065634 0.40454546
101 -0.33535814 -1.1967053 -0.4053086 -0.36701372 -0.013250117
605 -0.32765466 -1.0212212 -0.21490848 0.061425325 0.18414123
716 -0.5637509 -0.9968067 0.42179343 -0.958502 -0.18891594
902 -0.1284319 -1.3011997 0.26100078 0.590773 -1.0586517
470 -0.22502752 -0.9093574 0.27345857 0.33803016 0.5469873
772 -0.40109763 -1.0897444 -0.6762058 0.30335298 0.12822653
281 -0.0365151 -1.1022323 0.69334686 -0.13505828 0.5561118
653 -0.45006424 -1.109329 -0.8160993 0.2894304 0.083575234
205 -0.50751615 -1.0751085 -0.37995395 -0.59297943 0.6744635
999 -0.0019019287 -1.3010966 0.37605253 -0.49622062 0.054029435
32 -0.17732695 -1.329023 0.207092 0.3985096 -1.1807439
33 -0.072058864 -1.2708968 0.19622077 -0.43632886 -0.012215102
880 -0.6489437 -1.1150417 -1.2612091 0.41572115 0.13841985
890 -0.19405156 -1.3173263 0.17426364 0.3137435 -1.1472536
1124 -0.36666968 -1.1073263 -0.67742854 0.3849752 0.1435837
147 -0.44810468 -1.2216606 -0.5156949 -0.69705606 -0.004334404
232 0.21347308 -1.4184711 -0.012580162 0.54736483 0.43773836
933 -0.5808234 -1.1384465 -0.5697279 -0.8311401 0.46495473
1051 -0.007011967 -1.2790985 0.32202303 -0.42383638 0.17208685
268 -0.35430497 -1.1217941 -0.6747101 0.35261846 0.123847954
647 0.20234695 -1.4249749 -0.04028695 0.4872755 0.33388734
170 -0.18608834 -0.9399748 0.30048215 0.5068104 0.5291529
915 -0.109230146 -1.3219671 0.2558808 0.58803767 -1.0716739
758 0.27071992 -1.492522 -0.060510606 0.6124331 0.5162866
748 -0.17117983 -1.1373554 -0.08935679 0.06423494 0.104152516
523 -0.3780646 -1.2050277 -0.47212052 -0.416212 -0.074206844
436 -0.14726697 -1.1274945 0.065543994 -0.04430641 0.60560745
642 -0.21359774 -1.2357508 -0.011436509 0.14009282 -0.7774341
825 -0.3856807 -1.0750861 -0.62651354 0.40415752 0.11654385
792 -0.33841375 -1.2009441 -0.41652516 -0.39544466 0.021636594
751 -0.83589673 -0.8326688 -0.9467417 0.1922434 0.28879526
760 0.25427172 -1.4695683 -0.040683538 0.6012757 0.43341002
1135 -0.37466198 -1.1984273 -0.41941652 -0.5232056 0.076636516
362 -0.19331346 -0.9383887 0.29122797 0.49623105 0.51849294
591 0.14273718 -1.385784 -0.11036425 0.40849608 0.4178378
622 0.09478957 -1.5716958 -0.29057968 -0.18149802 -0.15460199
555 -0.42892557 -1.1032209 -0.76083827 0.2809046 0.09433879
499 -0.38966668 -1.2026358 -0.47294137 -0.47462702 -0.058731563
870 -0.74040234 -1.1577861 -1.2234142 -0.34624037 0.030972451
181 -0.17712659 -1.3005395 0.1797205 0.37655482 -1.077436
432 -0.19843028 -1.1157826 -0.13868082 -0.021806004 0.48837087
850 -0.1204572 -1.3126694 0.26370808 0.58301127 -1.067046
275 0.019519122 -1.2866315 0.3258148 -0.34336814 0.13515954
643 -0.37754777 -1.1118834 -0.6841866 0.3393569 0.08925323
973 -0.13749523 -1.3123597 0.22665831 0.43704605 -1.0601609
1202 0.5184787 -1.8589567 -0.13651428 0.8408823 0.69852525
609 0.26063848 -1.4641619 -0.037969943 0.6238873 0.5100072
365 0.22472823 -1.4371499 -0.08127818 0.65777713 0.48819235
524 0.25836208 -1.4938902 -0.026393518 0.703113 0.540002
100 0.17864588 -1.4007795 -0.09536784 0.59442997 0.40000483
430 -0.5077662 -1.2090696 -0.55833656 -0.78526264 0.023711978
75 -0.8340677 -0.67569965 0.1655834 0.009253253 1.3113614
347 -0.6549162 -1.0746166 -1.2010102 0.48797825 0.19910136
35 -0.42743808 -0.8287339 0.045397352 0.28001142 0.57747793
369 -0.04686853 -1.2526997 0.21027161 -0.35810465 0.17875008
1026 0.25193855 -1.4775152 -0.009466637 0.6902109 0.5165981
577 -0.56288517 -1.1286277 -1.0759746 0.29791003 0.010545498
1146 0.26495045 -1.4877157 -0.08546837 0.6634853 0.48210222
1077 -0.9095236 -0.53817433 0.43408087 0.28111497 1.0497652
708 0.09694657 -1.4162544 0.21817842 -0.5001882 0.41536698
1053 -0.17839123 -1.3097084 0.19626321 0.3151646 -1.1046714
620 -0.52804554 -1.140756 -1.0289032 0.2927703 -0.029918917
222 0.0845501 -1.2890214 -0.111396044 0.55695516 0.8196038
919 0.087880306 -1.5928433 -0.33022466 -0.22663015 -0.17637001
1259 -0.6174162 -1.0736619 -1.1416118 0.44619325 0.1861404
65 -0.2021422 -0.9513933 0.22187884 0.26442102 0.5082686
679 -0.22720785 -0.9084906 0.29978228 0.51502836 0.55522406
60 -0.2030285 -1.2717583 0.022313228 0.20803244 -0.9296484
173 -0.47783557 -1.2198837 -0.5172477 -0.74167335 -0.077759065
537 -0.44157287 -1.1981385 -0.51846415 -0.5517385 -0.0807012
1183 -0.2502127 -1.3874902 0.38117048 0.64535666 -1.301789
145 -0.12374707 -1.291673 0.247501 0.38902017 -0.97718996
518 -0.18310879 -1.1352662 0.16211596 -0.36502784 0.20691502
504 -0.00037763972 -1.2364081 0.31607717 0.3068389 -0.43417326
458 -0.16904834 -1.1225601 -0.02741966 0.04692191 0.13149264
494 -0.3603472 -1.0061997 -0.1719348 -0.051194556 0.17802873
838 -0.6899017 -0.6453658 0.96879023 0.60948116 1.1419437
530 -0.052340567 -1.2627237 -0.15674827 0.019172776 0.38104662
220 -0.67327243 -0.66049194 0.9662473 0.6094941 1.1369104
169 -0.5478411 -1.1420523 -1.0749077 0.28833705 -0.0026439906
1131 0.018485582 -1.3131958 0.39235395 -0.5159918 0.15796712
155 -0.6562961 -0.98650324 -0.99293137 0.113818176 0.6398049
778 -0.682226 -0.84416604 -0.18347362 -0.26775792 -0.2685987
837 -0.63557285 -1.083704 -1.1766138 0.44387457 0.1670198
461 -0.45655543 -1.1440378 -0.50491893 -0.6059977 0.53720015
1082 -0.7168353 -0.965739 -0.5172285 -0.66227406 0.21074188
680 -0.41100684 -1.0857255 -0.7033537 0.36615118 0.09310562
138 0.009254194 -1.299679 0.3138269 -0.4080664 0.0990531
475 -0.0030448823 -1.3368155 -0.1677621 -0.0801789 0.3933744
332 -0.20170091 -0.9278894 0.3308599 0.46958134 0.5577643
1214 -0.15716247 -1.290195 0.19783357 0.47938132 -1.057592
543 -0.22860567 -0.88589877 0.37776497 0.5210975 0.68060905
302 0.23535395 -1.4507037 -0.05439734 0.6451794 0.39280662
741 -0.16403575 -0.9511616 0.33078074 0.49332884 0.6258526
1030 0.49392256 -1.8046832 -0.11727619 0.68055785 0.51003253
28 0.04970072 -1.5147054 -0.2929069 -0.15550084 -0.16911763
913 -0.06518091 -1.2391356 0.17632885 -0.29622012 0.0865824
704 -0.14401814 -1.3071924 0.248488 0.5668486 -1.087963
210 0.018729297 -1.294714 0.35622212 -0.4054663 0.15696669
1001 -0.6521562 -1.123339 -1.2387831 0.3589818 0.062126625
809 -0.42273682 -1.1974597 -0.47494337 -0.56003773 -0.0248731
1040 -0.05338889 -1.2957628 -0.18755825 -0.08806771 0.35218492
379 0.22767258 -1.4745612 -0.11181221 0.5320822 0.4369068
734 -0.6808803 -0.6606089 0.9977267 0.60446805 1.1448312
1116 -0.12566172 -1.3295411 0.2649763 0.5397033 -1.1141179
187 -0.46139124 -1.1080152 -0.86648643 0.3265012 0.1228789
700 0.22874124 -1.4409671 -0.07531882 0.67296946 0.45101124
122 -0.11393022 -1.314234 0.26920843 0.5988596 -1.0789475
621 0.15145887 -1.3958709 -0.1314806 0.460869 0.41362396
595 -0.22522256 -0.89001876 0.3034762 0.40462655 0.57187533
840 -0.684671 -0.6519552 0.9277199 0.5999695 1.1555209
992 -0.22514874 -1.4057798 0.41103882 0.6151491 -1.3040421
650 -0.15692234 -1.3059036 0.17972547 0.37283045 -1.0490779
898 -0.24616542 -1.4076174 0.38116762 0.6407468 -1.3342555
554 -0.16839288 -0.9501283 0.23647302 0.4412646 0.5309948
1122 -0.45601675 -1.0820047 -0.8238615 0.42039576 0.1261995
418 -0.19474484 -0.9462485 0.26686394 0.51305187 0.51293135
982 -0.15001035 -1.317857 0.23862758 0.4893692 -1.1041143
922 -0.7020427 -0.6401631 0.92183745 0.5785166 1.1421221
386 -0.50215256 -1.1110299 -0.9188824 0.29073885 0.012455379
575 -0.69042313 -0.64456254 0.96211547 0.5982478 1.1525809
193 -0.015779834 -1.3157282 -0.15845792 -0.046750005 0.3419476
142 -0.6187325 -0.8630737 0.0659589 -0.41220766 0.86494374
160 0.25535485 -1.504495 -0.116434544 0.5590571 0.47331867
644 -0.66124934 -1.0765301 -1.2092851 0.47382942 0.17461802
511 -0.0015086337 -1.3026026 0.40237713 -0.54081166 0.1423863
434 -0.45417863 -1.1036466 -0.81989455 0.28942776 0.0966832
317 -0.3619103 -1.2177209 -0.44639385 -0.4899679 -0.035305478
551 -0.6179428 -0.8854825 -0.291122 -0.4293473 0.62960476
1057 0.50595903 -1.832586 -0.15037677 0.8548338 0.65016466
685 -0.01437087 -1.2748642 0.24567856 -0.31761804 0.10401034
294 0.30328688 -1.5272932 -0.061506327 0.6670359 0.49126
81 0.3761095 -1.7776492 -0.22078119 0.16332796 0.9979058
1263 -0.28626445 -1.4154075 0.34193128 0.5422669 -1.3947656
766 -0.16648582 -1.2766806 -0.27757162 -0.3455828 1.0207542
258 -0.045898177 -1.2888768 -0.14309527 -0.08333588 0.3470182
848 -0.11315136 -1.3244908 0.2897676 0.5919741 -1.1086496
948 0.2758918 -1.5244983 -0.11468262 0.6015588 0.4764863
718 -0.16878484 -1.2838677 -0.27884498 -0.38965866 1.0972075
1039 0.04629338 -1.3425127 0.5515821 -0.6511765 0.16853797
183 -0.45923033 -1.0890526 -0.8090621 0.34265295 0.09625859
669 -0.69677645 -0.65008765 0.95625234 0.6024576 1.1468986
69 -0.5106438 -0.9637924 -0.33368433 -0.35826582 0.73417056
965 -0.3671366 -1.1284343 -0.30971473 -0.42314368 1.0661128
553 -0.90051943 -0.7397853 -0.23357819 -0.59787804 0.17419088
1278 -0.8279263 -0.96415174 -1.0355386 0.016292144 0.70944226
829 -0.32583773 -1.4293298 -0.6832455 -0.8587742 0.377527
421 -0.19082862 -0.9435479 0.25257102 0.54913473 0.5738674
592 -0.65978616 -0.6669769 0.96926427 0.5795168 1.121384
241 -0.67717993 -0.664136 0.98774517 0.5800555 1.1565082
1 0.16477133 -1.3924748 -0.08457782 0.49262196 0.37339535
1197 0.54847264 -1.8899841 -0.0968766 0.91804075 0.73706335
91 -0.68436337 -0.6579898 0.96793234 0.60222155 1.172173
1136 0.2417989 -1.4759187 -0.0929611 0.5717902 0.41890633
715 -0.20705758 -1.2669029 0.15056519 0.31716466 -1.0565785
1013 -0.5226424 -1.083023 -0.9727246 0.4469799 0.08953558
267 0.032314308 -1.3376393 0.56969553 -0.6835285 0.17940803
987 -0.68537974 -1.1144507 -1.2789078 0.3531567 0.063918546
727 -0.68022966 -0.6535517 0.9650307 0.5923381 1.1417018
161 0.016127653 -1.2104683 0.16494715 0.16986704 0.222823
872 -0.6708461 -0.6514758 0.98186177 0.5778112 1.1329148
1198 -1.4838948 -0.19293383 0.6898145 0.019266987 0.5068518
1064 -0.68882215 -0.9669006 -0.5114585 -0.6097911 0.24367854
49 -0.30734783 -1.0867738 -0.21744841 -0.2774677 0.6142118
1031 0.21617945 -1.4609839 -0.111722864 0.53818625 0.41471806
61 -0.68961155 -0.64560044 0.96888757 0.5851004 1.1286092
980 -0.25468972 -1.1659058 -0.11001566 -0.37071875 1.1150389
958 -0.040739767 -1.4981863 -0.3830593 -0.46490502 0.1272212
48 -0.1884835 -1.1001973 -0.01922053 0.052253034 0.13137211
68 -0.25360748 -0.8625156 0.38968194 0.53701204 0.68542236
180 -0.5592554 -0.8917172 -0.18441552 -0.16949221 -0.081167296
565 -0.17352484 -1.267894 0.18356486 0.46561766 -1.008449
516 -0.1936001 -0.9112093 0.3039807 0.44620824 0.5724788
396 0.0061604325 -1.2952565 0.45385063 -0.5464584 0.14919141
921 -0.6848373 -0.6551753 0.95795757 0.5944169 1.1490916
404 -0.3656426 -0.87297094 0.08303864 0.2732411 0.62843657
585 -0.042470317 -1.2734052 0.22638258 -0.36940962 0.03201347
878 0.0018898756 -1.3662684 0.58523464 -0.79840785 0.019657254
371 -0.51421285 -1.2101126 -0.59521616 -0.74183655 -0.02014202
1114 -0.6699906 -1.109594 -1.244165 0.3677447 0.014885858
634 -0.18114066 -1.3039184 -0.29430825 -0.4532728 1.144032
442 -0.68049806 -0.6524617 0.9665001 0.5883725 1.1061903
496 -0.14416943 -0.9906028 0.18502864 0.43886107 0.47289845
664 -0.69652146 -1.0690106 -1.2807277 0.61156297 0.14609596
1238 -0.16184324 -1.2976564 0.2418781 0.50489354 -1.1109879
27 -0.32695204 -1.2085311 -0.4224032 -0.4002285 0.08192522
533 -0.65314406 -1.1158023 -1.2189008 0.33678064 0.000801242
280 -0.40643272 -1.1155887 -0.735461 0.27191758 0.09088358
380 -0.21507937 -0.90486413 0.34640968 0.53726375 0.6578234
1097 -0.43403536 -0.95846 -0.20087966 -0.15003492 0.25511912
509 -0.049598683 -1.2743983 -0.14612603 -0.044062193 0.38028204
1052 -0.6108085 -1.0807896 -1.1244093 0.46545726 0.13793743
98 -0.6623872 -0.6653977 0.97625166 0.59951967 1.164844
857 -0.66128325 -1.1448046 -1.2825465 0.2969848 -0.029367818
1041 -0.18443635 -1.0924671 0.009064407 0.039823744 0.16374765
429 -0.23769104 -0.8806899 0.36035094 0.51174533 0.6851379
1043 -0.67736256 -0.661233 0.95312333 0.5295865 1.1107765
545 -0.5358541 -1.0956923 -0.989211 0.34273636 0.1063335
1176 -0.23556331 -1.3792819 0.43140748 0.63664687 -1.2553785
1266 -0.63644695 -1.0906568 -1.2004777 0.46177772 0.13798709
1047 -0.030215427 -1.2946558 -0.14989069 -0.043415993 0.40483505
659 -0.36382443 -0.74727976 0.58349204 0.49242356 0.84770185
1274 -0.6527256 -0.6666486 0.98745805 0.6076982 1.1381401
746 -0.6746765 -0.65377545 0.94878477 0.58644205 1.1352459
714 -0.19190033 -1.276037 0.2160923 0.3632363 -1.0744479
923 -0.65998995 -0.6651502 0.9726807 0.5920329 1.1377544
416 -0.31102666 -0.82561904 0.39903405 0.47821897 0.66739374
927 -0.18306074 -0.9585871 0.24631764 0.52569973 0.54257387
1107 -0.7074631 -0.6403655 0.91589856 0.57123697 1.120641
1008 -0.681404 -1.1048073 -1.28664 0.4848091 0.10729165
356 -0.13284631 -1.2918495 0.26423898 0.5718629 -1.0335567
505 -0.26362965 -0.8568737 0.39652056 0.48125193 0.69816357
1108 -0.2786955 -1.3689979 0.3118018 0.3427966 -1.276917
971 0.29375336 -1.5439548 -0.03896482 0.7203884 0.54127413
821 -0.2298319 -0.88625944 0.3627008 0.52698886 0.6844851
678 -0.50475276 -1.2215618 -0.586557 -0.7765825 -0.018033419
26 0.5448959 -1.8970994 -0.1608758 0.7746817 0.6248245
85 -0.72526747 -0.73579204 0.3933362 0.051038366 1.4712989
351 -0.6955755 -1.1474407 -1.35044 0.3400715 0.022019807
247 -0.12847988 -1.2927673 0.21801896 0.5447201 -1.0033534
76 -0.47037515 -0.81489295 0.21155128 0.04878215 1.122555
686 -0.38719627 -0.9881357 -0.20286217 -0.08563046 0.24446668
832 -0.6752522 -1.1082709 -1.2425907 0.34341696 0.026052829
1100 0.24998662 -1.4691731 -0.07555935 0.6785096 0.4801864
787 -0.14375632 -1.2760146 -0.28918082 -0.3071301 0.88590544
214 0.0692873 -1.5675998 -0.31718636 -0.24218717 -0.15022527
1083 -0.48213744 -0.9028761 -0.18583456 -0.096214265 0.29317948
349 0.011621006 -1.2094394 0.19275892 0.1145027 0.20371455
55 -0.6457091 -1.1113222 -1.2000024 0.333557 0.0012263989
895 -0.25368434 -1.3858398 0.3987823 0.64765334 -1.3086548
471 -0.256135 -0.85206074 0.46114165 0.50682396 0.73610926
1243 -0.28213993 -1.3695354 0.32507643 0.5009751 -1.28728
843 -0.65903884 -0.6608867 0.9677696 0.6119727 1.138942
157 -0.038478363 -1.297221 -0.16082966 -0.071060196 0.33668345
834 -0.6884371 -1.1074206 -1.2728643 0.36197358 0.038851157
377 -0.08534942 -1.4412364 0.3248606 -0.99056077 1.1513996
797 -0.25534132 -1.3844727 0.36436385 0.5528036 -1.2888439
684 -0.007848178 -1.3524706 0.55078924 -0.7833923 0.061603803
701 -0.6921907 -1.1403786 -1.3369485 0.34566346 0.019189483
588 -0.1851168 -0.9253757 0.33743456 0.5742707 0.5945536
464 -0.28142443 -1.2533249 -0.7867381 0.14513554 0.41825002
1272 -0.69220126 -0.65920657 0.9534323 0.5279711 1.1459733
162 -0.33779177 -0.80025744 0.47478104 0.42587146 0.78296757
510 -0.47843468 -1.2230377 -0.55763966 -0.7117789 -0.054414883
615 -0.42885578 -0.9653671 -0.2028355 -0.12712878 0.20460527
1171 -0.3121041 -1.3783445 0.26620588 0.4189784 -1.342233
1195 0.5409821 -1.8848789 -0.13374645 0.9757272 0.66233164
881 -0.67456937 -1.1038369 -1.282344 0.42922336 0.13800943
889 -0.25986335 -1.3687865 0.33303627 0.5001056 -1.258107
1115 -0.7041612 -1.0923855 -1.2749649 0.37083894 0.057824466
159 0.15182474 -1.7176058 -0.39728194 -0.28032342 -0.24024346
381 -0.4475336 -1.1928786 -0.5104017 -0.58308876 -0.042780425
968 0.2521537 -1.9042013 -0.435038 -0.44756767 -0.25486323
121 0.29524028 -1.5501949 -0.016056933 0.7506167 0.6007579
612 -0.17716177 -1.119883 -0.08812176 0.10336696 0.1337057
1205 0.41694918 -1.963737 0.20261545 -0.9873006 0.37370938
740 -0.1971308 -1.3095964 -0.20828561 -0.46975142 1.2924691
482 -0.019686107 -1.3289219 0.5396952 -0.79314363 0.15149225
735 -0.019555004 -1.3276944 -0.14378518 -0.14495839 0.388812
1184 -0.023834249 -1.363118 0.58607006 -0.8582629 0.021560322
278 0.0002767716 -1.19232 0.22488257 0.1840533 0.3241254
875 -0.44298115 -0.71501845 0.6831699 0.45977297 0.9422755
1201 0.5384338 -1.874419 -0.114669874 0.9605302 0.6875723
5 -0.1902661 -1.300734 0.18971118 0.25000635 -1.0997543
333 -0.022374248 -1.2766637 0.2024735 -0.33903667 0.117033854
943 0.14446513 -1.508925 0.2883267 -0.71650887 0.4938379
566 0.02564955 -1.3924594 0.6341792 -0.85618305 0.12700067
115 -0.5422011 -0.8669662 -0.2145556 -0.08894803 0.22193223
969 -0.68050116 -0.6580508 0.9493822 0.5971237 1.1356218
1281 -0.55348873 -1.2239745 -0.642868 -0.82959336 -0.0590727
1207 -0.031557877 -1.3594177 0.5556561 -0.8782043 0.08387852
817 -0.44802812 -1.0046333 -0.35977116 -0.27144992 0.6768354
89 -0.91810346 -0.552233 0.43247932 0.20466213 1.0685776
907 -0.7268324 -0.73204917 0.40327996 0.060557205 1.4721227
1074 -0.6320828 -1.0771277 -1.1834505 0.5374648 0.162595
201 -0.5245721 -1.2326127 -0.6193067 -0.8016345 -0.08089334
1049 0.06261981 -1.4250386 -0.15520738 -0.22280788 0.6756009
263 -0.3782297 -0.7381086 0.67536175 0.56039006 0.952316
414 -0.6494231 -1.1076124 -1.2106454 0.42148483 0.032401796
618 -0.19882284 -1.1284589 -0.17151259 -0.06458801 0.48506007
255 -0.2768846 -0.8788565 0.34178436 0.36917344 0.5996258
1158 -0.60802054 -1.1124612 -1.1618977 0.43028298 0.039054055
604 -0.47389266 -0.93296194 -0.2029051 -0.2054027 0.2973209
1128 -0.16646697 -0.97865367 0.25358737 0.4683165 0.53765744
656 0.34984303 -1.624893 -0.07182012 0.7642898 0.6379241
249 -0.3603078 -0.747283 0.5944726 0.5354845 0.8766969
153 -0.022388611 -1.2911898 0.3951121 -0.57760376 0.16289961
1110 -0.57015765 -1.2260659 -0.649253 -0.8887238 -0.037715733
244 -0.21797691 -1.1285846 -0.20031294 -0.10459163 0.5004576
794 0.11975849 -1.6608405 -0.35191262 -0.28198504 -0.19852483
887 -0.017615672 -1.331628 -0.17012407 -0.14059594 0.50925237
731 -0.3660282 -0.9835982 -0.18771291 0.01688799 0.24529609
632 0.2940307 -1.5284145 -0.097233675 0.64977556 0.52548486
441 -0.022222418 -1.1928421 0.096622944 0.15804806 0.23272222
196 -0.28518793 -1.0838249 -0.13851878 -0.1452616 0.70937055
638 -0.034238942 -1.3662647 0.56335706 -0.8932939 0.10738022
863 0.09421776 -1.5078868 -0.2229519 -0.09875807 -0.015028525
235 -0.53678966 -0.91157484 -0.3126383 -0.14573167 0.23090456
826 0.21899877 -1.4285069 -0.06740789 0.640756 0.44989666
508 -0.25894117 -1.3518313 0.36770338 0.5926623 -1.2337474
1189 -0.6708162 -0.65355974 0.88806367 0.577777 1.1094744
285 0.015066408 -1.1971241 0.1794583 0.15950406 0.28477037
1118 -0.19358864 -1.0843943 -0.017770082 0.0935988 0.14809288
996 -0.019603474 -1.3122201 -0.1602325 -0.07193498 0.41427594
158 -0.5020407 -1.229378 -0.58125305 -0.7687595 -0.06682068
192 0.10004878 -1.6372409 -0.3447333 -0.25239736 -0.2804172
1260 -0.45970294 -1.211196 -0.53326905 -0.6944641 0.07253864
168 -0.009975521 -1.325322 -0.15745603 -0.09456965 0.4388215
1088 -7.0952738e-06 -1.2812595 0.16633804 -0.22644696 0.16282633
1132 0.2903335 -1.5390884 -0.12279431 0.6915989 0.4841438
759 0.27610737 -1.8989985 -0.3780209 -0.38415504 -0.2558886
1080 -0.013090962 -1.3727878 0.595885 -0.85745484 0.051407583
635 0.27474913 -1.5222734 -0.04650071 0.69262075 0.57327193
1249 -0.6863455 -1.1099154 -1.2927215 0.43229225 0.13175794
546 0.07264979 -1.5549123 -0.3188356 -0.19805053 -0.08469643
390 -0.57987964 -1.1939037 -0.5375167 -0.85012597 -0.028916303
361 0.010192128 -1.3468323 -0.149461 -0.105712526 0.42862368
784 -0.7982955 -0.7783127 -0.16085924 -0.3663758 -0.26257002
227 0.11203741 -1.5388647 -0.24291922 -0.10112589 -0.026622076
917 -0.6445631 -0.674825 0.9465499 0.60342115 1.1536541
522 0.5413598 -1.8852315 -0.11945748 0.9390791 0.69869363
814 -0.041221038 -1.3159704 -0.19846506 -0.10183095 0.3500936
1215 -0.18256284 -1.2900115 0.2208736 0.5493298 -1.1153952
661 -0.18604788 -0.9330535 0.35836148 0.5079548 0.6822624
865 -0.66568387 -1.1244109 -1.2945708 0.45516595 0.14712624
329 -0.013313237 -1.3361669 0.5584677 -0.77697515 0.022956569
812 -0.0418554 -1.3648691 0.60297126 -0.9257984 0.07439836
88 0.27137053 -1.4989091 -0.07117306 0.63966596 0.4660185
109 0.26401532 -1.4958436 -0.08358407 0.6340663 0.49769023
1254 -0.23894957 -1.3870702 0.39032084 0.60706115 -1.2700822
105 0.026004612 -1.326016 0.4409918 -0.5632973 0.122327484
112 -0.0225529 -1.3148052 -0.15036349 -0.092990056 0.37159386
868 -0.033246685 -1.3101581 -0.17449014 -0.1049329 0.39288315
1194 -0.6584574 -0.6664144 0.89744097 0.5937436 1.1255805
728 -0.16654584 -0.9833563 0.23962387 0.4250396 0.6298278
972 -0.012925126 -1.3276175 -0.17062677 -0.1092929 0.44716838
1140 -0.40958777 -1.201481 -0.49794725 -0.5618186 0.074506424
1253 -0.66443866 -1.0741379 -1.2268394 0.53752965 0.09171552
144 -0.30437014 -0.80687964 0.50974745 0.572246 0.7656954
1240 -0.44422954 -1.336601 -1.2399983 0.07995148 0.6536575
557 -0.3756054 -0.9861727 -0.2210948 0.002446137 0.29051897
955 -0.5549869 -0.88090664 -0.26666835 -0.15425561 0.20988555
813 -0.0032640847 -1.3829731 0.7036838 -0.9218517 0.12601927
928 0.019864278 -1.1962004 0.19184324 0.19908512 0.28470728
1261 -0.67601055 -1.1014277 -1.2871728 0.5239148 0.12388511
1138 -0.2993969 -0.82509875 0.47056285 0.5117379 0.74668324
1199 -0.71801347 -1.1060812 -1.3700334 0.54688483 0.14673448
56 -0.5637419 -1.2434173 -0.7094773 -0.84627 -0.07244087
20 0.3034737 -1.8104402 0.31805336 -0.93140125 -0.040502436
364 0.105318554 -1.601923 -0.30269063 -0.25252098 -0.10762449
1065 -0.1277464 -1.132652 0.00897847 0.0837793 0.1877483
1014 -0.03201531 -1.3519417 0.5965198 -0.8694359 0.068199925
931 -0.041695442 -1.3721815 0.6159244 -0.942269 0.038479656
730 -0.8146002 -0.7769076 -0.17021707 -0.40617448 -0.23093627
1029 -0.25160608 -0.8649634 0.30343106 0.45156652 0.6060848
536 0.21269462 -1.8406452 -0.40811667 -0.4210607 -0.23783101
384 -0.021544669 -1.331843 -0.19608481 -0.13451858 0.44805098
879 -0.7138051 -1.0886058 -1.3325744 0.5630746 0.12461749
1028 -0.51658267 -1.22832 -0.63598645 -0.7778883 0.008972777
406 -0.40251184 -0.9841255 -0.21768644 -0.13287938 0.34174192
869 -0.59473747 -1.2460814 -0.71427745 -0.89884484 -0.11569231
953 -0.6878097 -1.0784192 -1.2566336 0.46540976 0.15702334
534 -0.46634257 -1.1855063 -0.48182273 -0.6474485 -0.05408169
877 -0.23864153 -1.3539802 0.35658795 0.583683 -1.2102535
1264 -0.26898357 -1.3724434 0.3074398 0.38642558 -1.2787193
422 0.07095957 -1.5060136 -0.25544676 -0.13909446 -0.045007404
325 -0.047910113 -1.3289355 0.51783764 -0.8051756 0.01654266
909 -0.0064605325 -1.2641503 0.1836912 -0.20672336 0.16469719
918 -0.6732036 -1.0859568 -1.2256702 0.36767262 0.11266228
976 0.27326947 -1.9565481 -0.43847698 -0.48462713 -0.2919459
492 -0.51739293 -0.8904371 -0.18523462 -0.17879103 0.27455816
1213 -0.27296653 -1.4190202 0.37707782 0.5351002 -1.410759
847 -0.62835485 -1.0734913 -1.1508131 0.530346 0.15850317
1075 -1.1645595 -0.7053097 -0.32534903 -0.77764213 -0.04122313
1151 -0.70882916 -1.0783136 -1.1590786 0.33000475 0.07974429
14 0.009081399 -1.3471719 0.64946795 -0.74957067 0.18856011
1092 0.02381287 -1.3738803 0.6320724 -0.80182385 0.083891556
497 0.28607285 -1.9433953 -0.42866942 -0.40919727 -0.28537038
374 0.04481412 -1.2074357 0.27485934 0.117508575 0.31381047
779 0.41196507 -1.6770028 -0.11075147 0.8103986 0.6055352
1242 -0.62310594 -1.2404686 -0.6434792 -1.0040057 0.05474381
368 -0.6923488 -0.845499 -0.2653181 -0.34321418 1.0428568
164 -0.18175848 -0.94998956 0.3144141 0.41713712 0.6452656
394 0.0006663851 -1.3402979 0.62684935 -0.7713885 0.08445531
1182 -0.19623926 -1.326017 0.25740916 0.574653 -1.2576559
903 -0.30536118 -1.4222779 0.30283588 0.52800894 -1.4278431
587 -0.010477984 -1.3841685 0.6488628 -0.9035083 0.038849823
206 0.010567533 -1.3834518 0.68653995 -0.9070411 0.117274
218 0.37289047 -1.6264396 -0.106109485 0.7327721 0.5694451
409 -0.3579383 -0.98868847 -0.134823 0.029412996 0.3457178
1165 -0.6564736 -1.2480644 -0.6678588 -1.0665095 0.08834167
939 -0.69990677 -1.0651342 -1.2458148 0.45607853 0.15394808
893 -0.21000756 -1.4048549 0.47820744 0.7448717 -1.3155957
1179 -0.822843 -1.1281539 -0.6419595 -1.1085129 0.66641384
962 0.34169316 -1.5726522 -0.07836465 0.710826 0.576082
900 -0.22817264 -1.392462 0.4143122 0.7179468 -1.3034375
942 -0.63159627 -1.0498309 -1.1161306 0.47435015 0.20873895
1188 -0.7361023 -1.0627918 -1.3039367 0.49512166 0.16140433
1113 0.0035745464 -1.355927 0.6913468 -0.858301 0.12244037
110 0.37884432 -1.6482165 -0.035852753 0.81061107 0.7320003
844 0.22362909 -1.8424097 -0.41290045 -0.3711546 -0.24339674
2 -0.16945373 -1.1589702 -0.15259114 0.071202256 0.11929133
182 0.05038423 -1.4002258 0.68821526 -0.8424364 0.11097193
284 0.23228884 -1.4666615 -0.09960787 0.6218117 0.4194138
1192 0.051416613 -1.3765885 0.7508488 -0.8053697 0.16915691
311 -0.27270803 -1.0859746 -0.14639762 -0.10706714 0.6243164
1015 -0.027370073 -1.1947124 0.11255905 0.058977757 0.26187655
1058 -0.17056748 -1.1022214 0.0027993477 0.047976308 0.17885317
525 0.3237055 -1.5607668 -0.082836464 0.67480403 0.5707681
711 -0.8596596 -1.0874794 -1.4060694 0.5489139 0.12945203
811 -0.96262187 -0.7143305 -0.08916206 -0.41395634 -0.21735246
1016 0.019838246 -1.4042313 -0.19656599 -0.26121175 0.59240025
460 -0.17424244 -1.1283841 -0.08891778 0.06406209 0.14505474
682 -0.68474334 -1.121766 -1.3309158 0.43372333 0.12877052
665 -0.7451983 -1.0811845 -1.3487134 0.5102694 0.11870497
18 0.022790214 -1.3613027 0.55711925 -0.7388485 0.11319489
652 0.115437835 -1.5834746 -0.2810066 -0.2081811 -0.033978827
166 -0.63621974 -0.6709702 0.9216215 0.66940343 1.1332864
571 -0.41548705 -0.75308007 0.67654866 0.5353469 0.9535164
692 -0.6928293 -1.1185775 -1.332811 0.43202683 0.16045345
1012 -0.25174278 -0.8686322 0.5208955 0.41815534 0.85665685
462 -0.4748008 -1.0838933 -0.8505901 0.35611656 0.106245816
350 -0.2708431 -0.8523915 0.3935414 0.52463466 0.6860981
1096 -0.30631632 -1.0651724 -0.16202132 -0.25495103 0.7463135
855 -0.9680583 -0.70836025 -0.08603669 -0.4452364 -0.22162189
108 -0.3477389 -1.0956727 -0.2930808 -0.37804064 0.7803349
370 -0.6530019 -1.0874966 -1.2014294 0.38967735 0.15641649
517 -0.3468312 -1.0983088 -0.29909188 -0.36131138 0.7020934
15 0.029137824 -1.3600717 0.5145038 -0.7156587 0.098668896
82 -0.68865734 -0.6664068 0.8857431 0.49128655 1.1712589
859 -0.5396383 -0.8898655 -0.2409583 -0.21789172 0.41786718
828 0.26314682 -1.9127924 -0.39999777 -0.4598969 -0.29677644
486 -0.28578076 -1.084842 -0.22990756 -0.17650785 0.65729207
124 0.50562143 -1.8232523 -0.09770947 0.95863044 0.67322356
1007 0.01951667 -1.4005648 0.70416385 -0.9418078 0.12953296
691 -0.3909956 -1.067127 -0.25575697 -0.40776238 0.93642527
1126 -0.28969347 -1.3830167 0.3468901 0.43474248 -1.338254
733 -0.51241916 -1.2258017 -0.6055482 -0.78101915 -0.04799733
990 -0.8226124 -1.1118697 -1.4024369 0.55315226 0.20292836
690 -0.6753702 -1.0591185 -1.2175136 0.5644679 0.15860927
1021 -0.33019143 -1.0681264 -0.22472566 -0.2860952 0.7377609
245 -0.33229324 -0.9847231 -0.09080329 0.08507476 0.4051926
885 0.27228358 -1.7915874 0.31734368 -0.9645788 -0.043898456
986 -0.004674078 -1.3699849 0.57753026 -0.8680385 0.15352954
19 0.008971583 -1.3792764 0.7038739 -0.9044073 0.14509249
802 -0.6048025 -1.2235171 -0.6629775 -0.9604436 -0.03004135
447 -0.76041555 -0.8049062 -0.18555313 -0.38727897 -0.22390068
951 0.038922794 -1.3917034 0.6015273 -0.7940836 0.11720702
1042 -0.2922958 -1.0283366 0.065439634 -0.17923254 0.12580507
774 0.20793228 -1.8171662 -0.41339785 -0.34828958 -0.22917283
519 0.10253886 -1.2280413 0.43809235 0.09133466 0.3220832
375 -0.8468107 -0.7713863 -0.19632217 -0.4622907 -0.18430169
721 0.010841918 -1.1946741 0.19160382 0.14292863 0.29567376
805 -0.1676323 -1.1389179 -0.08602466 0.06323687 0.13615038
219 -0.033492144 -1.315756 -0.1802539 -0.11297598 0.4099445
1142 -0.022106158 -1.2978238 0.47916254 -0.59230417 0.2110834
1203 -0.31696725 -1.3827727 0.31586945 0.43325397 -1.3708087
120 -0.0127256345 -1.346944 -0.18012597 -0.17500429 0.50875205
107 -0.35891795 -0.9887389 -0.21754663 0.03685166 0.31699887
845 0.21616891 -1.8480642 -0.42015904 -0.38224128 -0.29833573
4 0.010911689 -1.3816955 0.6255759 -0.844942 0.098653905
77 -0.028436296 -1.2955183 -0.08723447 -0.07368526 0.6426788
3 0.04050527 -1.3950049 0.61300164 -0.8334416 0.11378365
920 -0.68241036 -0.6479732 0.9035018 0.69497395 1.1237173
947 -0.016924294 -1.3569337 0.6721167 -0.90354204 0.17807896
717 0.024072472 -1.3937094 -0.20600903 -0.19390081 0.60647255
666 -0.016287534 -1.1663638 0.2459393 0.21180698 0.32506642
1009 0.06474991 -1.3885792 0.7650531 -0.827086 0.14719598
723 0.22692603 -1.8683146 -0.43915775 -0.38641685 -0.28712323
1241 -0.8742839 -1.0861754 -1.4481834 0.59188193 0.16247527
1204 -0.8906565 -1.1119831 -1.5228289 0.70143604 0.24145438
8 -0.0019696732 -1.295551 0.26219162 -0.37749085 0.11127758
775 -0.63247234 -0.6733918 0.9062223 0.63924867 1.1100396
1186 -0.0248273 -1.3136945 0.5932147 -0.70940584 0.21890822
225 -0.4421169 -1.2256677 -0.5509508 -0.6186304 -0.06139819
1010 -0.28213298 -1.0274584 0.05837731 -0.13417332 0.15533073
316 -0.6996269 -0.66087765 0.900227 0.4660335 1.1639744
874 -0.21281472 -1.0683178 0.030748803 -0.0007327699 0.1665648
176 -0.45707044 -1.068919 -0.7191579 0.40624884 0.23273093
238 -0.7051174 -0.6545066 0.91510856 0.50993 1.1836064
1185 -0.5532719 -1.1561706 -0.4741882 -0.7472644 0.060197987
435 0.10624151 -1.6678782 -0.3839254 -0.33399332 -0.20492274
938 0.012638338 -1.3950864 0.7082024 -0.9218 0.09475837
186 -0.17822474 -1.1257312 -0.09091213 0.050226055 0.16216402
1170 -0.9368321 -1.1480477 -1.5828329 0.44715238 0.12429469
1191 -0.06393612 -1.453786 0.94979775 -1.1943668 0.18613175
438 -0.9302033 -0.7623929 -0.23361398 -0.5085338 -0.35573196
830 -0.0017628804 -1.3686849 0.7933588 -0.9498181 0.17858744
305 -0.35670725 -1.1003661 -0.31530604 -0.3966169 0.7651804
175 -0.21290869 -1.0996444 -0.094415426 0.03195136 0.1463947
549 0.039925616 -1.4503294 -0.21780282 -0.33478868 0.61792386
964 0.009773162 -1.3347812 0.42859638 -0.6324743 0.10631095
457 -0.31811506 -1.0822898 -0.22421041 -0.32326406 0.7480761
1154 -1.0356565 -0.6847947 -0.118366316 -0.46034908 -0.27740484
569 -0.054293316 -1.2993279 -0.1954032 -0.09134055 0.33228913
1157 0.41708338 -2.0940526 -0.48671007 -0.5342827 -0.32249716
237 -0.19472168 -1.152646 -0.16373307 -0.016333338 0.124293596
1255 -0.33910728 -1.3832192 0.33216467 0.509485 -1.4081749
944 -0.26740694 -1.2978519 0.5235319 -1.1570098 0.75289893
860 0.026231175 -1.3968896 0.7128093 -0.9253006 0.16840613
637 -0.68881476 -0.8109847 -0.1334454 -0.29878047 -0.13205177
1089 -0.37313822 -1.0850761 -0.32373 -0.38530904 0.8294714
1161 0.19222215 -1.5958403 0.58453476 -0.9381029 0.8553134
914 -0.105630554 -1.2831079 0.5495846 -0.86287755 0.085413344
1148 -0.5555636 -1.2146848 -0.6193087 -0.8300957 -0.06252383
1216 0.19601887 -1.8114674 -0.42389792 -0.3967981 -0.17744373
1190 0.5151987 -1.8572696 -0.14270912 0.89700496 0.7299298
42 0.09322818 -1.6637434 -0.40711737 -0.32258886 -0.22680813
1211 -0.65968174 -0.6552735 0.91475064 0.71174854 1.1220071
118 -0.20793507 -1.1038071 -0.015215965 -0.08061426 0.13159917
1284 -0.28273216 -1.0356313 0.0007051547 -0.0809032 0.09706893
963 -0.29537243 -1.4010819 0.35444486 0.46871874 -1.384223
79 -0.48142433 -0.94211555 -0.25267538 -0.2148062 0.39238355
1036 -0.7179484 -0.6522646 0.9147801 0.5617209 1.2296946
93 0.051515535 -1.4608204 -0.21460624 -0.3279921 0.69100666
1011 0.048998777 -1.3976191 -0.11666893 -0.17551334 0.46789643
1109 -0.7115487 -0.65685993 0.9005977 0.5929689 1.2380797
1072 0.030756265 -1.4018087 -0.17571186 -0.244217 0.5473461
1282 -0.3990465 -1.0547377 -0.2526268 -0.42434675 0.81678927
1149 -0.6826491 -1.228485 -0.6541361 -1.0825875 0.080399506
1163 -0.6362742 -0.6864076 0.92804074 0.7017227 1.19922
10 0.049630556 -1.4045655 0.7099919 -0.88326246 0.16275547
995 -0.69485945 -1.1052406 -1.2905463 0.4147925 0.09344336
282 -0.21213982 -1.1090292 -0.07362059 -0.018213946 0.11195074
1105 -0.33077243 -1.0858518 -0.23987512 -0.33852017 0.74732256
343 -0.4133709 -1.0421829 -0.2308941 -0.44788948 0.85459095
500 -0.66246456 -0.68011355 0.9497381 0.7059143 1.1708901
908 -0.7295504 -0.654735 0.8910423 0.5874232 1.2531297
1152 -0.21871111 -1.35733 -0.2686793 -0.5512535 1.4814328
306 -0.31814608 -1.076596 -0.2365175 -0.26777872 0.73462456
58 -0.3771332 -1.0834765 -0.32261547 -0.39124376 0.8258297
1283 0.6781495 -2.0340483 -0.08779693 1.0987964 0.84840214
854 -0.65006596 -0.6862448 0.9388948 0.57011455 1.2230004
45 0.07543289 -1.2009877 0.37936947 0.14805086 0.32176894
578 -0.371389 -1.0685816 -0.25717533 -0.38996157 0.8019937
1257 0.40223676 -2.005213 -0.40663424 -0.489314 -0.20380922
945 0.20971447 -1.8454608 -0.41724944 -0.4685368 -0.18037881
1054 0.044862654 -1.3859872 0.72007513 -0.83958054 0.14989874
1106 -0.70159674 -0.64974654 0.9086703 0.49009776 1.1690974
1061 -0.18944557 -1.1607049 -0.17542885 -0.012573694 0.10909928
1103 0.5087212 -1.857619 -0.16734673 0.83605945 0.7177399
309 -0.013622709 -1.340874 -0.17922822 -0.15205045 0.4971967
1087 -0.02345155 -1.2768021 0.2981832 -0.43790236 0.14911003
308 -0.17617084 -1.1361014 -0.10866999 0.043931995 0.15477279
882 -0.5020928 -1.2055647 -0.58213675 -0.7159583 -0.002713638
835 -0.6494417 -0.6918577 0.9158976 0.5993433 1.2583221
846 -0.70914924 -1.0747722 -1.3137339 0.5545448 0.1706601
929 -0.7338289 -1.1008805 -1.3642825 0.43394688 0.09975252
16 -0.20603102 -1.0970556 -0.011040292 -0.035870958 0.1424745
994 -0.602139 -1.2504869 -0.70486814 -0.9398312 -0.10738723
1196 0.65183157 -2.007602 -0.08495935 1.1912968 0.88479733
550 -0.6975593 -0.6771939 0.9236867 0.5615899 1.2730714
383 -0.4550727 -0.93335235 -0.24857803 -0.05519981 0.3148833
562 -0.112371966 -1.1926793 -0.12618908 0.07388638 0.17965862
726 0.25466996 -1.8358018 -0.37998357 -0.30749324 -0.18683772
459 -0.09630246 -1.2210435 0.4339959 -0.5919324 0.08780295
1002 0.2746042 -1.846136 -0.32712814 -0.3486775 -0.13774925
1017 -0.9097466 -1.1063856 -1.5292414 0.6563785 0.2642506
1258 -0.6869724 -1.2475545 -0.711949 -1.0575799 -0.018961875
86 -0.38634056 -0.75849164 0.58286417 0.5858582 0.89394706
988 0.3982975 -2.051282 -0.47592688 -0.47018617 -0.31587002
1062 -0.33822754 -1.4787059 0.25671443 0.3479954 -1.5507922
359 0.009137528 -1.358774 0.46686265 -0.74456716 0.147576
1262 0.4001875 -2.0867605 -0.4899914 -0.5818768 -0.24158107
864 0.030321224 -1.4237462 -0.24014717 -0.24784581 0.6181063
96 -1.0525547 -0.69154155 -0.20296137 -0.5477642 -0.39378366
1268 -0.7254019 -0.6295509 0.89485705 0.68344843 1.1475456
95 -1.174984 -0.6252163 -0.104469076 -0.5294733 -0.33476073
1251 -0.90057635 -1.0645813 -1.4571528 0.67337936 0.20965463
954 -0.32017657 -1.4158674 0.39780876 0.55389756 -1.4517387
1090 -0.9871474 -0.6927554 -0.1741448 -0.49026117 -0.2503335
764 -0.004197746 -1.3786217 -0.22370853 -0.22784121 0.5597907
1129 0.029455813 -1.3111973 0.5334556 -0.5217243 0.29737663
677 0.022645315 -1.4356353 0.6672661 -0.9957049 0.075548775
264 0.48225585 -1.7974895 -0.0421703 1.098377 0.76681197
1246 0.4371559 -2.1221225 -0.46368122 -0.51604694 -0.3294632
1025 -0.6627116 -0.6628314 0.8566086 0.7320238 1.09997
688 0.0557448 -1.1970738 0.3204484 0.18450347 0.32697302
391 -0.69970673 -0.6663165 0.9118336 0.5612872 1.2309273
1099 0.6375466 -1.9919637 -0.10547968 1.0875859 1.0084854
156 0.5330527 -1.8876045 -0.0046859276 1.1885701 0.86865735
961 -0.05568794 -1.3061346 0.5109257 -0.71534187 0.14897868
1085 -0.6607836 -0.7524644 -0.1381798 -0.0505129 0.6371251
950 0.047940712 -1.347689 0.47576267 -0.61021423 0.17283058
298 -0.9089183 -0.7362169 -0.10672638 -0.3510517 -0.20653103
423 0.1325271 -1.2571902 0.41821215 0.07721028 0.35591322
645 -0.26424894 -1.0692903 0.0003460029 -0.17913897 0.13470207
1123 -0.9225228 -0.7064889 -0.06647296 -0.29233193 -0.1833012
202 -0.24674752 -1.3802637 -0.30575073 -0.6323143 1.6063467
1168 -0.9205798 -1.0770448 -1.4818949 0.55430764 0.26001713
1252 -0.8954585 -1.0741395 -1.4598992 0.73119324 0.20940956
539 -0.65374416 -1.173065 -0.5619631 -0.9252665 0.020837534
1024 -0.70561755 -1.2167811 -0.6503635 -1.0786048 0.038586024
548 0.42331788 -1.7140304 -0.00830109 0.93101364 0.8348309
13 0.04336837 -1.436433 0.76025164 -1.0011011 0.11205641
1244 0.23407155 -1.9398144 -0.48526725 -0.5136711 -0.29936853
1160 -0.7771667 -1.2836426 -0.8269861 -1.1981134 -0.07391562
1150 0.42413756 -2.1164215 -0.4627961 -0.52659756 -0.3692335
1180 0.66957706 -2.0063682 -0.03729186 1.2330377 0.8836007
926 -1.4494151 -0.508007 -0.14446513 -0.74963975 -0.39967495
975 -1.4639364 -0.514179 -0.10131445 -0.6912463 -0.41991434
946 -0.3038992 -1.0925744 -0.25923392 -0.2455998 0.71416485
290 -0.542726 -1.0408962 -0.2064565 -0.5100135 1.2355043
966 -0.6107828 -1.2102739 -0.6537242 -0.95245045 0.0065751094
1081 0.00023992415 -1.3875109 0.6799224 -0.93552816 0.11519973
527 0.21843529 -1.8313828 -0.36921936 -0.35242835 -0.15298241
1247 0.33185372 -2.01964 -0.5285822 -0.57212406 -0.32563502
1159 0.4104245 -2.1414466 -0.513562 -0.6378504 -0.3576618
1277 -1.9015696 -0.4068212 -1.1705521 -0.12901925 -0.2384493
1048 -0.16396111 -1.1276125 0.06049621 -0.26300454 0.90196973
1169 0.34833172 -2.0338817 -0.47570863 -0.5971187 -0.3109845
979 -0.2414804 -1.1321896 0.18280295 -0.3795704 1.1466572
221 0.009081921 -1.2230829 0.15541609 0.034850717 0.27618337
883 0.053391024 -1.4715903 -0.23522422 -0.34176818 0.72774786
702 0.15188253 -1.2404226 0.49488348 0.1519572 0.39775968
693 0.3420215 -2.042599 -0.47654378 -0.69438493 0.43346176
896 0.008899911 -1.4436026 0.9945413 -1.0326637 0.19773814
1084 0.08127881 -1.2342541 0.4488268 0.016212836 0.30794588
1093 0.07677628 -1.4934567 -0.22455321 -0.34160742 0.76709217
1218 0.08533132 -1.519182 -0.24037117 -0.36058173 0.8096156
1172 -0.7935367 -1.2218597 -0.7156968 -1.2337852 0.062299438
1167 0.39077783 -2.1272612 -0.50545114 -0.63805217 -0.37576112
978 0.40129402 -2.121594 -0.507545 -0.59172046 -0.35812998
949 -0.2395276 -1.128178 -0.23412181 -0.007297295 0.14139238
1166 -0.93436927 -1.0900455 -1.5090945 0.5659258 0.22800423
1187 -0.011704175 -1.4916401 1.0174669 -1.2002249 0.17410898
1177 -0.7478164 -1.2549601 -0.75147194 -1.166072 0.023659132
12 -0.28014204 -1.0929962 -0.08483729 -0.18498915 0.038274176
732 -0.6630245 -0.6675736 0.9132252 0.5673287 1.1496738
526 -0.5650646 -1.0373299 -0.25737718 -0.542567 1.1504053
1256 0.6594312 -1.983537 -0.04114263 1.2315503 0.8889216
599 0.07082525 -1.490623 -0.24985026 -0.34337792 0.76019496
1193 -0.5032508 -1.0334681 -0.22572671 -0.40212765 1.2595768
1102 -0.5052729 -1.0398746 -0.21773677 -0.3731923 1.2688333
1269 -0.6926315 -0.6680722 0.92918056 0.69404334 1.2472961
1248 0.033685572 -1.4626702 1.0639799 -1.0722314 0.22542046
956 -0.2911922 -1.1987407 -0.23781204 -0.43454018 1.1216145
590 -0.26616353 -1.0311892 0.068573885 -0.093857214 0.15426454
366 -0.5413571 -1.030351 -0.28226393 -0.46132493 1.2586795
178 0.059725724 -1.5210106 -0.2576598 -0.41088408 0.8391053
354 0.13114333 -1.4750974 -0.061339956 -0.31135866 1.0714601
21 -0.29248792 -1.0591983 0.07089175 -0.31844628 0.09159559
1046 -0.6677837 -0.69957495 0.9600603 0.64306295 1.3146412
338 0.14691876 -1.2418587 0.48381636 0.16242869 0.31539264
1120 -0.57390934 -0.8450512 -0.24504761 -0.13784973 0.4038645
984 -0.82293767 -1.2709975 -0.78876305 -1.2804502 -0.11626132
989 -0.028549623 -1.5071142 1.0317233 -1.2677517 0.16787277
67 0.6810872 -2.0197783 -0.0056332857 1.2875205 0.9126824
353 0.19962645 -1.2620182 0.61056477 0.12867178 0.4347553
981 -0.024281835 -1.4646231 0.99846256 -1.1850077 0.25550956
1095 -0.83057725 -0.7567285 -0.2521191 -0.29929122 0.47233656
977 -0.4980606 -1.0338199 -0.22149275 -0.3646258 1.2540923
1071 -1.1730043 -0.60397655 -0.12440815 -0.4967734 -0.30137125
480 -0.56943226 -1.0598378 -0.24738944 -0.5674359 1.3835974
1178 -0.8415936 -1.2731388 -0.7937428 -1.3138449 -0.13794158
1173 0.32879198 -2.036229 -0.5841972 -0.5301012 -0.40318137
9 -1.3431318 -0.5756554 -0.19130638 -0.704426 -0.45293793
861 -0.23747778 -1.1503221 -0.21854773 -0.1903902 0.24078363
465 0.10118403 -1.2416247 0.42569152 0.015461722 0.30729386
150 -1.3186846 -0.57283324 -0.119055085 -0.6686386 -0.3559818
1209 -0.594996 -1.0331806 -0.24300773 -0.61178195 1.1751962
1220 -0.082037024 -1.4393382 0.91676664 -1.2155977 0.15299565
1066 -0.6855816 -0.6863114 1.0060774 0.6617586 1.3014623
273 -0.34575692 -1.0058042 0.023507114 -0.26797828 0.17671853
985 0.02966224 -1.4952348 1.0959623 -1.1341432 0.18143599
1139 0.6566813 -2.0163846 -0.10582038 1.01088 0.9712574
739 0.12630847 -1.5263622 -0.056897566 -0.42195755 1.2535635
84 -1.3268834 -0.5442298 -0.09012869 -0.5601243 -0.40171137
970 -0.52770036 -1.0135198 -0.23038849 -0.38101745 1.1882257
387 -1.1879183 -0.60902715 -0.105506346 -0.55272096 -0.27602503
876 -0.87539655 -1.2669885 -0.8049162 -1.354326 -0.003853721
695 0.20030524 -1.2329628 0.71483827 0.13083625 0.49918467
1175 -0.82421255 -1.229284 -0.74551475 -1.2574557 0.123292066
7 -0.2362448 -1.0968441 -0.055030387 -0.09887491 0.11708003
705 -0.2211834 -1.1547751 -0.22592269 -0.11278299 0.22143902
1234 -1.9356732 -0.35276344 -0.1601251 -0.9413317 -0.6486003
1225 -1.9275705 -0.340537 -0.09325086 -0.95553094 -0.6070108
102 -0.25693616 -1.1345274 -0.21874557 -0.12588336 0.09665422
712 0.18702793 -1.2501022 0.696359 0.0069077197 0.6032236
1164 0.22292969 -1.2484182 0.7234843 0.11848666 0.50464326
1224 -1.8418446 -0.3722772 -0.08982296 -0.9449994 -0.6027878
960 -0.90168756 -1.2369206 -0.7927858 -1.3624884 0.03802277
1208 -0.6493181 -1.062012 -0.36813307 -0.63835174 1.3692554
1270 -1.911145 -0.35901126 -0.15032609 -0.95106316 -0.6177983
974 -0.25546625 -1.1325958 -0.21198985 -0.17116266 0.20403256
1276 -1.92393 -0.34752586 -0.12672755 -0.95943516 -0.60926074
1022 0.40712932 -2.0073805 -0.41879785 -0.43436608 -0.26368254
1273 -0.03310292 -1.5019734 1.0740277 -1.2448239 0.17342761
1280 -1.9923186 -0.34159383 -0.11209315 -1.0117768 -0.64848673
833 0.24523598 -1.9307486 -0.49017638 -0.4499809 -0.28563836
1155 -1.9491553 -0.33686545 -0.092413455 -0.9553169 -0.62542963
1153 -1.9511222 -0.33602035 -0.15993333 -0.9233859 -0.62416923
1279 -2.0029218 -0.3200406 -0.101030506 -0.97087026 -0.66744447
894 -0.0026644063 -1.5096067 0.98616934 -1.2414608 0.27638113
1223 -2.0232115 -0.308377 -0.13781324 -0.9460151 -0.6429345
1228 -1.5501124 -0.56256735 -0.3526628 -0.82169324 -0.7739699
331 -0.045552842 -1.4594053 1.0617237 -1.0505944 0.14171302
11 -1.3963586 -0.5841621 -0.30726486 -0.675281 -0.577453
1091 -0.26221198 -1.1399637 -0.23004563 -0.16552672 0.12913647
689 -0.3757731 -1.0179216 -0.1049598 -0.2164825 0.04457204
1229 -1.6526904 -0.50758827 -0.3863385 -0.80031264 -0.8329038
399 0.16185592 -1.2517436 0.6740784 -0.037032694 0.49835575
827 -0.2884633 -1.1150771 -0.2311456 -0.14072339 0.12544434
199 -1.4950849 -0.5220514 -0.23858765 -0.7415411 -0.63128525
1212 0.14708094 -1.5300136 -0.056977 -0.38888445 1.1966063
967 0.05206743 -1.4966006 -0.16722648 -0.4065658 1.105829
1174 -0.35845912 -0.9431221 0.2164253 -0.16368072 0.13796416
1101 0.2909798 -1.2758324 0.9093117 0.19726099 0.5210868
1275 -0.089870855 -1.5601757 1.1724498 -1.4870465 0.23392044
1227 -1.9247454 -0.38383478 -0.23724566 -0.9103918 -0.77472657
1078 0.1477305 -1.6409801 -0.22784378 -0.52849764 1.2359622
1067 0.30419347 -1.2998488 0.94211274 0.09803593 0.5631169
1231 -0.42449802 -1.2891424 1.281029 -1.5599413 0.0658504
1147 0.31869838 -1.3331399 0.9374598 0.035248768 0.52640927
1098 0.3098618 -1.3102489 0.932291 0.09097627 0.58621114
6 -0.3184031 -1.0456748 0.050208356 -0.30912593 0.06570827
1181 -0.3498507 -0.95322007 0.22755633 -0.20138752 0.20885883
1217 0.44024637 -2.2011642 -0.516331 -0.6545315 -0.34275708
1226 -1.6663765 -0.45698556 -0.20749085 -0.8500886 -0.71199185
858 -0.1489741 -1.60072 1.511697 -1.6793892 0.19973606
1162 -1.0115024 -1.3060111 -0.9275351 -1.5529758 0.0017692002
1219 0.16363731 -1.7559123 -0.25644028 -0.6282191 1.6252598
1222 -2.2066746 -0.26572606 -0.16090362 -1.0106483 -0.7549131
1210 -0.37379 -1.0469052 -0.18831716 -0.25060305 0.22898522
1076 -0.12404503 -1.5843837 1.4870056 -1.6159834 0.22112751
1245 0.5167106 -2.500746 -0.6870441 -0.768513 -0.5376275
1232 -0.521091 -0.91956604 0.27725002 -0.5805695 0.12884144
1230 -3.085051 -0.0044079414 0.052032232 -1.1776814 -0.99654484
1235 -3.126839 0.021042638 -0.026703589 -1.1672639 -1.0295284
1094 -3.0810783 0.014873494 0.03610467 -1.1970397 -0.9665312
1233 -3.2975025 0.06595086 -0.0634213 -1.0916917 -1.1339412
1267 -3.3650062 -0.11059353 -0.31802973 -1.3617783 -1.4571953
1271 -3.0736842 -0.22952996 -0.46543634 -1.4564215 -1.3406672
