813 5
446 -0.20416576 0.17441101 0.26532388 -0.7061283 -0.10298431
94 -0.3300048 0.18268122 0.45352465 -0.44033703 -0.38975716
745 -0.24235581 0.13158579 0.43046874 -0.6085754 -0.044699647
491 -0.46482113 0.19997354 0.3536487 -0.43098238 -0.08838812
292 -0.3155228 0.16945311 0.20099065 -0.6258018 -0.2291649
87 -0.25759557 0.108367056 0.22634694 -0.6879496 -0.2018735
2 -0.306848 0.035872713 0.4405854 -0.5578647 -0.17679337
478 -0.21482351 0.13917275 0.16162008 -0.75909054 -0.15275154
388 -0.2718162 0.24891375 0.058062974 -0.7643134 0.043058142
400 -0.35016808 0.26012963 0.19085771 -0.57019484 -0.22470942
606 -0.32248986 0.035190593 0.22624998 -0.675638 -0.12088398
1086 -0.2386147 0.048611067 0.31679663 -0.63774157 -0.40774477
450 -0.40854812 0.2744559 0.06747732 -0.6089322 -0.09450918
805 -0.27603838 0.08665797 0.39048213 -0.5859832 -0.22070198
246 -0.4437114 0.44423494 0.052522317 -0.5329257 -0.064558364
909 -0.22685757 0.01559963 0.17067508 -0.76029855 -0.3031093
286 -0.28947383 0.1484976 0.19040455 -0.6732569 -0.16534057
24 -0.44283646 0.17142977 0.20421085 -0.48987523 -0.3770949
694 -0.39910316 0.062258106 0.12373271 -0.64864355 -0.16954172
25 -0.32742715 0.3221982 0.11789193 -0.6240394 -0.13653758
576 -0.2914392 0.53841907 0.31743854 -0.47760975 -0.07515184
493 -0.23722759 0.2354735 0.14553389 -0.7428167 0.007864842
315 -0.2772642 0.053163774 0.23899804 -0.6910785 -0.16409358
641 -0.343695 0.423687 0.4901861 -0.38976747 -0.023150038
913 -0.2668169 0.06907957 0.34752294 -0.6358138 -0.15045798
927 -0.20383133 0.10625588 0.15401798 -0.7788338 -0.18132952
51 -0.098106794 0.12638862 0.15549712 -0.88737744 -0.041179936
579 -0.4337764 0.22905824 0.2236626 -0.50291103 -0.17414276
570 -0.15268855 0.16353385 0.5094118 -0.6112196 -0.13886356
229 -0.44194236 0.39675185 0.13340624 -0.5062916 -0.059157424
476 -0.42769876 0.4243817 0.0067205746 -0.5685041 -0.11335205
541 -0.2518743 0.17225666 0.35557958 -0.61627394 -0.101554535
524 -0.3184839 0.14470746 0.034221932 -0.75517166 -0.06909175
769 -0.3273495 0.188344 0.36508667 -0.5399201 -0.11217916
1088 -0.2876689 0.11482741 0.08367152 -0.7371552 -0.22059618
503 -0.28510457 -0.12223368 0.4126357 -0.62833107 -0.2929992
628 -0.30284807 0.16401665 0.1545133 -0.6965572 -0.053234573
179 -0.3221553 0.34941277 0.37918025 -0.49616298 -0.019216621
611 -0.45186472 0.011029686 0.10350792 -0.61022645 -0.30202875
146 -0.20584863 0.121028386 0.283475 -0.7326756 -0.001811972
674 -0.4348292 0.27716863 0.36688066 -0.44724303 0.050372355
336 -0.11090568 0.2098936 0.31527978 -0.78860664 0.1350389
622 -0.41325027 0.4949373 0.022526106 -0.556761 -0.05937027
696 -0.29472303 0.07336705 0.016917191 -0.7841806 -0.21577917
749 -0.2070397 0.22602718 0.14758338 -0.7171481 -0.2796161
99 -0.29109344 0.049868323 0.09471096 -0.7324592 -0.31893644
243 -0.22026975 0.47992614 0.27721667 -0.57106596 -0.12791716
298 -0.24948527 0.07863172 0.31482804 -0.6657523 -0.15041089
612 -0.34472555 0.13044876 0.3548987 -0.56092346 -0.06625219
563 -0.5127356 0.1639643 0.24195106 -0.4375875 -0.24514379
71 -0.3465233 0.21802682 0.36228353 -0.47407094 -0.3332896
719 -0.18801518 0.09109844 0.16059195 -0.7611599 -0.35765925
562 -0.20827568 0.04306327 0.35914105 -0.67256284 -0.23884094
614 -0.34202135 0.32589325 0.14862779 -0.6389125 0.106042586
873 -0.36067992 0.3223272 0.019075809 -0.66880727 -0.04054202
240 -0.43965557 0.18490434 0.491751 -0.3569527 -0.22540294
421 -0.28803793 0.17174576 0.11007152 -0.7042682 -0.20155075
573 -0.20507571 0.053752404 0.3089187 -0.72040373 -0.12735316
724 -0.19762456 0.18455751 0.20233394 -0.7333847 -0.15243834
736 -0.14544387 0.32564458 0.15310104 -0.7992521 0.08847238
710 -0.20293377 0.1699083 0.23981276 -0.7175447 -0.13091253
636 -0.39445946 0.31042072 0.069005996 -0.6316742 0.040759295
728 -0.4007827 0.04817755 0.19293296 -0.57192427 -0.39762005
398 -0.19684075 0.29791093 0.26173645 -0.64898163 -0.21474099
200 -0.15161705 0.29495066 0.34304467 -0.6539713 -0.15853043
352 -0.25959563 0.07327793 0.29455495 -0.6863896 -0.06596111
748 -0.214448 0.06393521 0.22954263 -0.74563843 -0.16188765
937 -0.2811359 0.34909347 0.29696354 -0.55709606 -0.117196195
621 -0.34657225 0.14386113 0.29239598 -0.52957535 -0.38351285
424 -0.31558523 0.16951843 0.0084309345 -0.8033622 0.14316587
415 -0.29244593 -0.01670218 0.24978028 -0.6546779 -0.40439034
601 -0.34780368 0.14143693 0.5728798 -0.42980686 -0.08821419
629 -0.17471799 0.14141028 0.43538854 -0.6514951 -0.08692835
230 -0.5621751 0.24671957 0.124712676 -0.4261733 -0.2718252
171 -0.035871748 0.31559026 0.15246153 -0.87786466 -0.013462904
310 -0.25149673 0.25704998 0.22224937 -0.6603813 -0.10364926
818 -0.36304873 -0.05828309 0.24272454 -0.59293336 -0.52430767
289 -0.41811427 0.40631363 0.2167719 -0.4510071 -0.20186257
36 -0.1420105 0.023341518 0.32480636 -0.79222846 -0.039198127
271 -0.3151242 0.28579167 0.062341012 -0.66674143 -0.20116323
477 -0.416325 0.19564812 0.06815728 -0.6134586 -0.18678357
811 -0.30465305 0.046799928 0.36782938 -0.62366 -0.031715527
654 -0.26311064 0.0953666 0.14753704 -0.7398526 -0.1640931
786 -0.26742223 0.2308922 0.39592776 -0.5916716 0.07022312
28 -0.11830774 0.3032277 0.32393506 -0.69468445 -0.12410318
670 -0.22477639 -0.0719928 0.31631315 -0.7722585 0.014406488
37 -0.43807617 0.13114831 0.06263627 -0.618316 -0.20775987
824 -0.16362287 0.09779512 0.28298792 -0.7786764 0.0036248856
1 -0.2700216 0.09641186 0.20334516 -0.72658455 -0.031593706
248 -0.21283315 0.117033966 0.0738473 -0.84487647 -0.005920256
1045 -0.39326435 0.19209322 0.43458304 -0.43286905 -0.17813781
314 -0.6414184 0.18234271 0.19372326 -0.3831442 -0.06800165
70 -0.32534918 0.04631434 0.17578432 -0.6580746 -0.3293631
506 -0.19273555 0.3164031 0.38392612 -0.61611 -0.007888158
800 -0.29927698 0.29176414 0.37731534 -0.53724855 -0.013896416
397 -0.21242122 0.11788737 0.23734124 -0.7037112 -0.27358344
357 -0.34779966 0.10190542 -0.1823558 -0.8414746 -0.2142716
134 -0.10572051 0.22444639 0.23265861 -0.80214536 -0.031343084
123 -0.08162767 0.08699175 0.21926768 -0.8576612 -0.1567951
791 -0.25124297 -0.044578362 0.22545324 -0.76994675 -0.09430354
299 -0.28508168 0.63084394 0.2554973 -0.53359437 0.18447056
651 -0.22527246 0.23105577 0.19080853 -0.70391935 -0.12691897
1128 -0.20363195 -0.11298651 0.09588101 -0.9088779 -0.09753856
1026 -0.5112193 0.05272691 0.17028943 -0.48811767 -0.40973103
143 -0.25759292 0.036766324 -0.057501294 -0.87845814 -0.17524952
170 -0.23020568 0.18725556 0.033580456 -0.8403148 0.06484012
362 -0.23065914 0.15582673 0.17614475 -0.74717075 -0.0637633
251 -0.3890456 0.061656218 0.25504085 -0.5474588 -0.3703001
633 -0.33386186 0.05842417 0.21246584 -0.6245457 -0.34107038
47 -0.35959285 0.16559274 0.080729574 -0.6796009 -0.1076537
413 -0.18794423 0.24586098 0.15702423 -0.75616026 -0.09265785
54 -0.15444276 0.21571986 0.17038767 -0.77897906 -0.13904397
729 -0.165343 0.1570304 0.3287968 -0.7060815 -0.122848295
643 -0.22100088 0.22051519 0.1576012 -0.77649367 0.11769
529 -0.49834618 0.5526128 0.18087998 -0.37594202 -0.06998817
662 -0.18660946 0.26934046 0.061358873 -0.8266962 0.040823556
509 -0.54266685 -0.1068245 0.31991082 -0.42999953 -0.45520094
217 -0.46710047 0.21375579 0.28477868 -0.39606628 -0.45493034
175 -0.40761465 0.13059723 0.36443624 -0.49295947 -0.118445165
272 -0.072832726 0.20577586 0.3392749 -0.7741035 -0.051871907
270 -0.21077602 0.3235695 0.11780941 -0.7398156 -0.04186723
174 -0.20958084 -0.00452854 0.40492186 -0.68934363 -0.099873625
591 -0.6097757 0.0686144 0.14460756 -0.42758596 -0.3386608
326 -0.32244688 0.09863583 0.3127522 -0.6362394 0.057519734
789 -0.3994426 -0.08085208 0.23699878 -0.6203931 -0.26384178
558 -0.12708806 0.11193226 0.17362018 -0.8923497 0.14390656
148 -0.17074074 0.24704611 0.21943624 -0.756231 0.020144897
530 -0.22662875 -0.033217493 0.3812272 -0.69360054 -0.12874797
151 -0.37414923 -0.0024460736 0.4451115 -0.4724322 -0.4037698
324 -0.54048806 0.47717682 0.090795174 -0.41909727 -0.061009616
782 -0.31713825 0.23815586 0.03746241 -0.6920274 -0.22493674
127 -0.19900592 0.118255556 0.13570842 -0.8104905 -0.06358216
154 -0.3309742 0.40122107 0.33227667 -0.4590915 -0.2198254
419 -0.31143436 0.012787163 0.51558465 -0.5170575 -0.20378721
389 -0.22686099 0.42865145 0.4151427 -0.51766676 -0.0692238
675 -0.07708692 0.27959958 0.22091158 -0.80108297 -0.10007116
410 -0.2702331 0.33943552 0.24013537 -0.6146689 -0.046405822
22 -0.3483132 0.30261633 0.11553522 -0.62422204 -0.08758944
661 -0.41981593 0.019803805 0.23918124 -0.55470896 -0.32187277
468 -0.14140193 0.19868602 0.17104055 -0.80706626 -0.08022486
658 -0.33230153 0.06622905 0.28672925 -0.6413664 -0.011962872
582 -0.23340389 0.5078326 0.3006185 -0.5591549 -0.0069854744
90 -0.20696415 0.16239318 0.37276357 -0.6393019 -0.15085003
242 -0.44324023 0.3677746 0.5980991 -0.24418132 -0.15602241
262 -0.1049325 0.40005213 0.5078323 -0.5947171 0.006778371
129 -0.31216335 0.34398195 0.2233699 -0.56144583 -0.18523489
418 -0.16293544 0.13629766 0.11978979 -0.85710037 0.0038086749
761 -0.13641426 0.13010995 0.21790485 -0.7982833 -0.14308259
667 -0.42342147 0.3842471 -0.08084505 -0.6431731 -0.07072245
161 -0.3698503 0.25114948 0.31194577 -0.51596177 -0.08217955
224 -0.42151734 0.6004755 0.45832562 -0.25903893 -0.13733675
441 -0.297435 0.28849277 0.25211063 -0.6192739 0.037657876
703 -0.1944613 0.14958312 0.02124771 -0.902636 0.12519443
312 -0.14230253 0.14671338 0.14693378 -0.9002815 0.24017553
607 -0.5784391 0.025687438 0.39879152 -0.36683217 -0.13468553
940 -0.29594123 0.0672336 0.12916057 -0.73997647 -0.11748315
373 -0.5631594 0.2401545 0.063347064 -0.47210854 -0.21362795
277 -0.093930624 0.042442806 0.120748356 -0.9282418 -0.111665234
137 -0.32930353 0.3558153 0.12216655 -0.63224834 -0.003836116
138 -0.30669072 0.10452444 0.23442517 -0.6062972 -0.40905485
433 -0.33362585 0.66309136 0.34135428 -0.40732047 0.040292457
57 -0.3527556 0.5261692 0.27090672 -0.4378125 -0.17553057
59 -0.5387472 0.22338742 0.09055654 -0.50957674 -0.07302853
567 -0.19878408 0.46553844 0.45425203 -0.49565127 -0.13236266
466 -0.44085038 0.14268808 0.20920442 -0.5253896 -0.23201406
750 -0.42156518 0.40577444 0.18501565 -0.49257645 -0.055961315
720 -0.15111522 0.16049966 0.01396167 -0.9303032 0.07305756
128 -0.22516142 0.17705783 0.16196609 -0.807431 0.22639622
793 -0.06971302 0.10770082 0.17101458 -0.8977996 -0.106283665
752 -0.2784833 0.35046238 0.47839713 -0.46520662 -0.08328065
657 -0.052550297 0.13543564 0.13674317 -0.93505394 -0.03241228
788 -0.31037566 0.09147493 0.20141421 -0.67750525 -0.12852843
594 -0.4933055 0.19077751 0.4938116 -0.32361728 -0.14835262
561 -0.21542436 0.12894282 0.064768545 -0.85412014 0.04787025
268 -0.21287811 0.34736812 0.08103135 -0.7630253 0.02906175
1044 -0.3560274 0.023882883 0.57251555 -0.47284332 -0.051014673
276 -0.33145273 0.37075567 0.30327094 -0.5032683 -0.12164387
741 -0.37110808 -0.1711247 0.25341475 -0.65298057 -0.34608623
806 -0.5460207 0.06775378 0.17534256 -0.46920374 -0.3091225
176 -0.5279082 0.039077695 0.39008453 -0.33763638 -0.52613354
777 -0.40775993 0.1990304 0.087965585 -0.6105056 -0.17598745
333 -0.5394395 0.090681426 0.40807232 -0.3631738 -0.17579243
301 -0.26988477 0.54049516 0.4245555 -0.44200912 -0.04250986
631 -0.1583575 0.2258545 0.124478705 -0.7936798 -0.16216981
971 -0.3497884 0.067297734 0.062064525 -0.71692926 -0.19769761
773 -0.21225771 0.32066068 0.076161295 -0.81851566 0.25552022
131 -0.6467273 0.1700743 0.0337582 -0.44695553 -0.19820452
646 -0.37118396 0.2846115 0.30668235 -0.50303 -0.09866407
685 -0.36869612 -0.030052457 0.20874302 -0.6510087 -0.22186586
216 -0.065732196 0.03133649 0.41601294 -0.81986356 0.04419647
855 -0.5381072 0.036900222 0.39516768 -0.405717 -0.09460329
278 -0.51205885 0.1995292 0.33469638 -0.37735468 -0.22626111
320 -0.7833095 0.2840119 -0.1676317 -0.36299327 -0.43227962
825 -0.45774433 0.5189933 0.108128995 -0.46295577 -0.062033974
673 -0.37582025 -0.037482966 0.36411935 -0.5459009 -0.30958968
597 -0.20542069 0.23448558 0.42571017 -0.6064253 -0.03520657
515 -0.422863 0.32891014 0.657746 -0.2930078 0.11697724
546 -0.30370688 -0.26341945 0.3529386 -0.7117565 -0.22139631
392 -0.4293972 0.27293974 0.25799796 -0.458994 -0.24575658
780 -0.2339843 0.28633675 0.12676501 -0.7609585 0.13019878
603 -0.101152465 0.25389272 0.15316072 -0.8551218 0.046968434
747 -0.14200552 0.13492621 -0.13464129 -1.0280781 0.050395913
234 -0.13460699 0.18592119 0.041564986 -0.92997634 0.1256681
139 -0.2814605 -0.018579422 0.50970036 -0.5858533 -0.049536314
250 -0.42170596 0.26243433 0.5809628 -0.3357572 -0.0064382884
227 -0.3530755 0.095631234 -0.013960761 -0.77017635 -0.07178685
822 -0.21532068 0.18447107 0.11377 -0.79433405 -0.013415274
74 -0.31956905 0.2282931 0.31539702 -0.56731236 -0.07008513
100 -0.524428 0.11906661 0.21758893 -0.43197426 -0.38493073
72 -0.23089233 0.17161493 -0.06885668 -0.8583111 -0.17861909
627 -0.24900363 0.26960623 0.28700846 -0.63808185 -0.014231797
1069 -0.28519693 0.24756756 0.41769382 -0.5024815 -0.23663743
422 -0.29943684 -0.003879544 0.1760462 -0.7256833 -0.17902295
556 -0.38738585 0.007002229 0.33261415 -0.5701602 -0.12682115
197 -0.20051476 0.15076381 0.26117766 -0.7587343 0.105376266
39 -0.43186855 0.020194206 0.27222404 -0.5274075 -0.31041622
568 -0.34707576 0.21150014 0.094374985 -0.67364395 -0.06588284
1005 -0.16547143 -0.027522214 0.06410692 -0.91621155 -0.1516075
330 -0.22462672 0.18487293 0.031673737 -0.82690215 -0.043193616
919 -0.4979681 0.22000961 0.28264254 -0.44351122 -0.047868673
417 -0.18898864 0.11159556 0.3097907 -0.70508873 -0.16945507
385 -0.15594517 0.48595217 0.39081693 -0.59446234 0.056555048
831 -0.43399337 0.39783904 0.5964401 -0.24911942 -0.120430775
213 -0.15881847 0.21553595 0.1182442 -0.8100881 -0.11441675
119 -0.17142202 0.05801043 0.109322675 -0.83714736 -0.24987929
770 -0.2309339 -0.010501906 0.42553684 -0.64466447 -0.19591898
679 -0.27134436 0.16108598 0.117784254 -0.73680544 -0.098989844
580 -0.28914285 -0.04166878 0.12778133 -0.75184155 -0.30944106
820 -0.2559253 0.11680313 0.07372072 -0.7849739 -0.13136819
193 -0.15943666 0.20062608 0.10020253 -0.8077047 -0.20558338
1143 -0.44333258 -0.0993387 0.24158272 -0.5813495 -0.29456356
1104 -0.5255316 0.006921533 0.22099145 -0.4817622 -0.3159023
1144 -0.46259463 -0.1491761 0.055687618 -0.6774682 -0.34789205
819 -0.3425959 -0.106986046 0.1257502 -0.74891716 -0.21364893
639 -0.5382787 0.3829165 0.047027264 -0.43871486 -0.2817466
43 -0.122460246 0.0815565 0.257082 -0.8158499 -0.09450943
296 -0.3270523 0.13709235 0.19273733 -0.6776084 0.016148549
483 -0.51037735 -0.001009934 0.34857893 -0.42459437 -0.33539772
180 -0.4323381 0.07167228 0.23515047 -0.48056406 -0.5826557
815 -0.3110342 0.025955293 0.06320888 -0.79130036 -0.05807626
411 -0.40451837 0.30465385 0.17151843 -0.53288317 -0.15383695
655 -0.112809174 0.1699705 0.05533386 -0.89426374 -0.15148886
535 -0.25962356 0.04344513 0.47586447 -0.6194817 0.05676835
941 -0.5233624 0.0779683 0.29476056 -0.3813262 -0.5200055
666 -0.6918267 0.26780388 0.39858964 -0.15332726 -0.3218867
132 -0.28795388 0.29516017 0.4154133 -0.53883296 0.05868182
531 -0.5104107 0.37290934 0.23523939 -0.38006818 -0.17975506
649 -0.5227405 0.12156821 0.18764904 -0.47608677 -0.23880704
635 -0.362583 0.027760118 0.006099114 -0.76360965 -0.13899247
772 -0.38214645 0.31934604 0.18656075 -0.5565646 -0.050652783
1019 -0.5630674 -0.15888315 0.37932837 -0.3984898 -0.4559833
266 -0.22979958 0.5256388 0.24953155 -0.59014535 0.023602169
113 -0.090149365 0.1981756 0.3111226 -0.79746646 0.055179443
293 -0.4898394 0.019071816 -0.109897785 -0.6834403 -0.36310664
514 -0.13557956 0.07400391 0.17035964 -0.8571852 -0.08047192
365 -0.4191936 0.018574031 0.07632563 -0.65279275 -0.2841571
27 -0.32056457 0.07538132 0.4193405 -0.5590728 -0.100015506
345 -0.52837926 0.18839863 0.35299778 -0.40724227 0.041759886
1117 -0.19226013 0.2107488 0.39045712 -0.5729569 -0.42769724
163 -0.39063084 0.09092139 0.166766 -0.59717435 -0.30348635
380 -0.4076972 0.07619478 0.23065603 -0.5702083 -0.19943099
198 -0.077059306 0.29638693 0.10655998 -0.90078455 0.12000487
1047 -0.33029938 -0.13721846 0.4173725 -0.5478405 -0.54577684
319 -0.120514534 0.39798236 0.16432363 -0.7627469 -0.048521075
605 -0.39244297 -0.15847197 0.603254 -0.46148401 -0.2175665
23 -0.054018456 0.2660757 0.010758546 -0.98345673 0.10469783
1070 -0.486336 -0.12662809 0.44732028 -0.41141072 -0.46900612
560 -0.39509815 0.38186947 0.10356719 -0.5443378 -0.18598086
341 -0.38794655 0.3112849 0.4275951 -0.42984635 -0.011236168
738 -0.31819624 0.6523429 0.30089152 -0.4325242 -0.028058596
117 -0.7608304 0.36427322 -0.12714362 -0.32438675 -0.46479762
255 -0.29679346 0.45857015 0.6468712 -0.2974588 -0.2077937
707 -0.5262504 0.09887983 0.01675167 -0.5738346 -0.24723631
149 -0.39548618 0.6544617 0.36879435 -0.34852192 0.06787696
167 -0.40871504 0.35297903 0.4102311 -0.38198298 -0.14539434
552 -0.32975107 0.40810925 0.49964294 -0.43613672 0.15755267
402 -0.13863142 0.046435058 0.1827044 -0.84929276 -0.12932393
103 -0.3746488 0.30949402 0.4630571 -0.41880614 -0.026543012
405 -0.55182225 0.2258946 0.17886066 -0.43619695 -0.1418737
598 -0.43403265 0.06684958 0.5084115 -0.36164418 -0.40940815
626 -0.17515998 0.102976464 -0.082071744 -0.9812548 0.04685493
164 -0.39542398 -0.07393849 0.28148496 -0.5891122 -0.30008298
116 -0.74123174 0.1080203 0.24366345 -0.2854626 -0.1512789
593 -0.25696254 0.46684057 -0.016500955 -0.7014044 -0.15828982
453 -0.34542087 0.4792071 0.501763 -0.3736206 0.03889381
136 -0.11348567 0.14930154 0.29846266 -0.8080396 0.080699414
344 -0.48798248 0.26574495 0.0919536 -0.5350158 -0.077504255
140 -0.37790775 0.4491909 0.47046193 -0.38592315 0.09734423
586 -0.26558617 -0.0128666395 0.36990228 -0.6433016 -0.21384367
443 -0.04463585 0.1605802 0.09594598 -0.9665963 0.02629404
112 -0.2715792 0.07225199 0.16330902 -0.71679276 -0.24154344
1004 -0.6196828 0.06331754 0.5365908 -0.21325336 -0.31025717
610 -0.36613983 0.03403456 0.38969085 -0.58118916 0.0547255
496 -0.16371028 0.028952163 0.06967796 -0.8939669 -0.15012743
407 -0.36121085 0.42403522 0.58191544 -0.31567922 -0.07491779
564 -0.6641787 0.04020098 0.21062326 -0.35932755 -0.32652658
796 -0.13753788 0.045433108 0.13638642 -0.8701158 -0.16616096
619 -0.31356433 -0.11650346 0.31973517 -0.6819908 -0.1405702
1035 -0.43352634 0.31111556 0.4137209 -0.360894 -0.22239335
265 -0.3267964 0.18803836 0.3889324 -0.531994 -0.09006004
195 -0.46285117 -0.06936348 0.02670929 -0.6647017 -0.34411454
808 -0.45660564 0.23131388 0.4424077 -0.3807533 -0.07779231
765 -0.057031285 0.36931542 0.09052858 -0.9177954 0.2120446
663 -0.36388418 0.35210067 0.3165514 -0.52709943 0.15145312
168 -0.28654283 -0.06154275 0.22236198 -0.7257223 -0.21248852
203 -0.37762865 0.509451 0.46845543 -0.33631378 -0.059511244
1068 -0.74628246 0.26959607 0.40351525 -0.11053277 -0.29385382
78 -0.14649233 0.33268023 0.15817659 -0.7955146 0.107389174
489 -0.37266937 0.2717267 0.57385635 -0.36649483 -0.06856902
259 -0.21204336 0.18082955 0.008071558 -0.83737427 -0.12010314
936 -0.46077472 0.52327114 0.340258 -0.32864752 -0.076496705
111 -0.6949648 0.080678135 0.28020078 -0.30678475 -0.18440649
307 -0.71281844 0.2246946 0.039250482 -0.35536647 -0.27971086
404 -0.4366982 -0.052926634 0.0901525 -0.67216223 -0.19831239
725 -0.11830025 0.110355236 0.035087716 -0.97867537 0.1445846
801 -0.3930666 0.11243433 0.33119777 -0.5259265 -0.13590647
1145 -0.4931633 -0.12426264 0.037488572 -0.6339597 -0.4540397
501 -0.23528616 0.19159323 0.43666896 -0.61130226 0.0747864
288 -0.23194519 0.07064523 0.041080244 -0.89479744 0.15990937
458 -0.38420403 0.016594 0.007629133 -0.7547453 -0.10231333
647 -0.12421182 0.08545 0.023772411 -0.9420022 -0.10199059
232 -0.21458326 0.05850344 -0.104681276 -0.9604586 -0.035225682
282 -0.66708016 0.33025536 0.32870957 -0.24480803 -0.019699303
133 -0.27150348 0.5973431 0.33458647 -0.486748 0.048367206
698 -0.7318148 0.5566461 0.05494437 -0.24606141 -0.10375878
29 -0.5083158 0.46382868 0.39484182 -0.2821343 -0.071574874
816 -0.6859545 -0.10798808 0.08973902 -0.41709685 -0.57550514
1123 -0.4487679 0.07102043 0.25171766 -0.50497717 -0.32113782
499 -0.40382227 0.34175456 0.7694713 -0.23455152 0.07104201
996 -0.34965253 0.08047227 0.2150265 -0.6088571 -0.2990738
899 -0.59654224 0.13885553 0.53580993 -0.18713684 -0.41109243
1056 -0.44435003 0.121500865 0.53252846 -0.3025541 -0.50927407
862 -0.6546956 0.072363965 0.15999748 -0.39019057 -0.28661677
778 -0.33633664 0.25304908 0.63679856 -0.43218276 0.26908165
475 -0.069168486 -0.0038052155 0.21407486 -0.92971426 -0.020113237
867 -0.51339823 0.089680165 0.5262662 -0.32118088 -0.17177083
839 -0.7670315 0.59344417 -0.08205041 -0.2924469 -0.02962607
585 -0.3869374 0.47953686 0.5060376 -0.31285024 -0.09275771
618 -0.2943868 0.079602696 -0.018824877 -0.8979808 0.2912461
332 -0.24248311 0.12157615 -0.0068092537 -0.8773544 0.07202784
1059 -0.5538062 -0.08703246 0.13211893 -0.51142925 -0.48613927
1038 -0.45519027 0.11866691 0.2980171 -0.42405728 -0.50348824
498 -0.046719357 0.04926283 0.09921825 -1.0039079 0.02682204
409 -0.49194938 0.007635067 0.4650701 -0.4301825 -0.01816627
427 0.030164603 0.21629465 0.06977138 -1.0519468 0.16533192
668 -0.72743344 0.27837065 -0.10545742 -0.38477322 -0.38511452
431 -0.564725 0.35781068 0.51045465 -0.2535183 0.1608345
378 -0.40245274 0.41686666 0.42309067 -0.34033397 -0.23566914
807 -0.05848562 0.29300043 0.11201434 -0.91106105 0.10529505
826 -0.259221 0.1114891 0.30511054 -0.63649744 -0.22682814
488 -0.56906694 0.021324255 0.54876906 -0.29824424 -0.1164364
228 -0.7296163 0.2879275 -0.043511227 -0.4049045 -0.060735244
31 -0.36307633 0.077603094 0.50462526 -0.48177478 -0.067350745
281 -0.6170702 0.16564582 0.2209557 -0.3570573 -0.271057
543 -0.5100957 -0.19164485 0.16426647 -0.5673512 -0.48848435
588 -0.17565247 0.25823438 0.018518958 -0.8617456 0.025494419
355 -0.63179165 0.21098115 0.15603642 -0.35853004 -0.30270743
613 -0.4262308 -0.057097435 0.15974046 -0.62759656 -0.2856709
625 -0.06150384 0.023447078 0.0011763411 -1.0787094 0.14203173
445 -0.4257435 -0.07405782 0.22718939 -0.59550315 -0.29492846
681 -0.49591097 0.70622045 0.5071858 -0.16018675 0.0017249179
683 -0.16575289 0.21517676 0.345023 -0.6816508 -0.08937761
505 -0.89098394 0.37117803 0.27139187 -0.070992045 -0.062528364
1154 -0.25212324 0.23726271 0.37084323 -0.62876135 0.13540341
572 -0.7628935 0.14042684 0.46945268 -0.16876857 0.04829664
1060 -0.65152335 -0.011750367 0.52355254 -0.21807039 -0.32665017
1065 -0.30978444 -0.1133132 0.35805434 -0.5928826 -0.53142774
676 -0.36853856 0.47133726 0.502555 -0.37617224 0.14288129
239 -0.3544899 0.5058575 0.6378444 -0.30422342 0.15020965
106 0.011062721 0.234613 0.12937984 -1.0608238 0.501331
444 -0.4143801 0.06099623 0.08984204 -0.6999712 0.075784974
700 -0.17109361 0.060580447 0.026366191 -0.9153365 -0.07640036
261 -0.7760563 0.29878476 -0.10283908 -0.37355977 -0.17956631
50 -0.4927613 0.109894395 0.32875457 -0.4143669 -0.31202105
456 -0.22943722 0.11892436 0.06155758 -0.8759413 0.1993394
436 -0.6794428 0.48805118 0.29837546 -0.18595149 -0.07104111
737 -0.8360285 0.32590243 0.039582744 -0.27572086 0.03633787
432 -0.32484573 0.074197 0.042181432 -0.7700537 -0.07597362
630 -0.29878798 0.28566954 0.37832135 -0.55319995 0.057451233
856 -0.3901905 0.4758108 0.6692077 -0.2611781 0.11002625
1124 -0.27821332 -0.042439725 0.27513927 -0.6323083 -0.56892574
1137 -0.32114038 -0.09545956 0.18333602 -0.7020033 -0.37347454
257 -0.11895363 -0.03281089 0.088309005 -0.96261895 -0.06044651
697 -0.5363807 -0.059983008 0.3543772 -0.43636778 -0.24684715
916 -0.31278074 0.48934138 0.46926537 -0.40288964 -0.027230356
252 -0.002994316 0.31062958 -0.03244577 -1.0472193 0.16654606
596 -0.18293916 0.22212742 0.34859085 -0.6790016 -0.0028821724
302 -0.37865242 0.10605457 0.2358169 -0.6446529 0.1354998
434 -0.39885467 -0.0068799867 0.50178474 -0.49584734 0.00012724617
1055 -0.30337083 -0.0730406 0.17587018 -0.7226549 -0.31871784
114 -0.25379223 0.23850612 0.36418176 -0.6251497 0.10551251
63 -0.29258138 0.67020893 0.52737904 -0.33890647 0.05409794
821 -0.48061138 -0.10279963 0.2954571 -0.48222834 -0.5163665
358 -0.39924052 0.08238116 0.1963759 -0.65660524 0.12901662
275 -0.55549055 0.53528005 0.16837795 -0.31455174 -0.22158822
300 -0.27259892 0.35175955 0.23768045 -0.5722296 -0.24463052
280 -0.41260898 0.2588134 0.6477522 -0.30121502 -0.043877013
1020 -0.23539983 0.24076818 0.47244534 -0.48946556 -0.38242167
372 -0.2200687 0.37939993 0.665475 -0.4295878 0.067609124
297 -0.7220642 0.372681 -0.1523349 -0.43123287 -0.112888746
1133 -0.4633904 0.00757385 0.4055241 -0.42336127 -0.36428833
783 -0.694297 0.43691605 -0.12888657 -0.43831396 -0.0012137262
322 -0.5486006 0.050932273 0.3312634 -0.43166822 -0.06693642
346 -0.09094772 0.27826715 0.04712076 -0.87495995 -0.16249484
214 -0.6996726 0.3588302 0.5010073 -0.14114438 0.12505087
928 -0.5274266 0.25883117 0.1462593 -0.48375052 -0.023970684
706 -0.8206172 0.0020265786 0.090329394 -0.33921465 -0.16573443
1134 -0.6179299 -0.010228731 -0.010757442 -0.4974069 -0.5563171
532 -0.084380254 -0.020542508 0.15938888 -0.95178694 -0.036288977
97 0.024539515 0.15156043 0.102691345 -0.98336285 -0.1946658
88 -0.39251116 0.19067222 0.09879362 -0.6330388 -0.10640381
463 -0.5491574 -0.17466024 0.4112646 -0.48131743 -0.0053860703
901 -0.4552559 0.26731506 0.55688256 -0.269059 -0.2760104
48 -0.7056225 0.26953962 -0.04853948 -0.3997102 -0.24507448
699 -0.38482296 0.33523017 0.31028625 -0.44201788 -0.25963295
449 -0.4133765 0.60664093 0.59446925 -0.18717942 -0.15175092
518 -0.47573102 0.31105503 0.24369863 -0.4440118 -0.084187746
640 -0.586579 0.3616603 -0.057428714 -0.48467937 -0.16707487
760 -0.25692838 0.26124004 0.05448341 -0.7491413 -0.0930566
284 -0.46322915 0.123840526 0.039868694 -0.64088154 -0.051852606
269 -0.8849679 0.34509152 -0.15133746 -0.29565918 -0.17471099
448 -0.46147266 0.09167825 0.5564513 -0.38271713 0.025419125
742 -0.06233626 0.12106684 0.11867495 -0.9634555 0.079651274
428 -0.6814294 0.019684589 0.32955122 -0.31857678 -0.1524926
35 -0.2956831 0.27950108 0.7018884 -0.4087509 0.2061692
602 -0.4458663 0.43583015 0.7675009 -0.18346016 0.15321569
472 -0.34892616 0.6198271 0.55736136 -0.28555733 0.006182994
447 -0.41583928 0.039882705 0.36783922 -0.4907565 -0.26082495
104 -0.33636177 0.266921 0.42913455 -0.52426404 0.18462254
364 -0.5798019 0.12171566 0.1590348 -0.47428593 -0.07099141
1051 -0.6436109 0.055446744 0.14643858 -0.3797072 -0.46924272
871 -0.70191795 0.2724511 -0.055260487 -0.4256206 -0.13892539
215 -0.16695264 0.34516233 0.54870653 -0.58910906 0.27063528
237 -0.4679139 0.5101017 0.464618 -0.2617757 -0.07288083
334 -0.39285353 -0.14862022 0.3860277 -0.6143838 -0.011016488
77 -0.93632907 0.06521922 0.27765962 -0.12530866 -0.13827568
1018 -0.1841143 0.06971719 0.39713764 -0.6673557 -0.21211249
318 -0.31065747 0.14896469 -0.12565146 -0.84336966 -0.103990234
258 -0.36325243 0.012135353 0.38572788 -0.5212013 -0.33974275
502 -0.59999263 0.62054855 0.13269925 -0.2741431 -0.17961903
1130 -0.61415297 -0.10188183 0.21872267 -0.44763204 -0.32587945
8 -0.51944184 0.19469753 0.29439747 -0.38538843 -0.28166893
554 -0.6757951 0.23133425 -0.091958605 -0.47048736 -0.20420526
107 -0.3411663 -0.3700374 0.42707786 -0.6949197 -0.13577905
68 -0.76089746 -0.061141048 -0.1688904 -0.55946213 -0.14132226
544 -0.75436336 0.52508897 0.018345995 -0.25147516 -0.13765685
130 -0.5883794 -0.09365096 0.04733783 -0.5848594 -0.19268408
569 -0.35851163 0.14311042 0.48896074 -0.5057819 0.12162468
972 -0.48579314 0.056835406 0.28563985 -0.46754587 -0.28211802
952 -0.8462296 0.085704535 0.21688746 -0.24729706 -0.015243243
64 -0.7476908 0.6684067 0.100003116 -0.16348127 -0.12931246
369 -0.3445039 0.076612264 0.117414474 -0.73115885 0.03547954
244 -0.30944195 0.12718233 0.060947586 -0.7662152 -0.007567404
44 -0.34059364 0.16727649 0.72641784 -0.356432 -0.02107715
1023 -0.59194 -0.22874264 0.42085937 -0.39063412 -0.38655365
823 -0.30383515 -0.22615731 0.06910602 -0.8508625 -0.24987152
393 -0.14443527 0.13848124 0.140033 -0.87761414 0.09350229
403 -0.20927608 0.18208218 0.58676296 -0.5702767 0.16059826
101 -0.6040116 0.33755934 0.39209396 -0.274596 0.06282015
429 -0.6601317 0.03013269 0.10444094 -0.36879936 -0.63782346
379 -0.41352794 0.16260391 0.34791407 -0.47378564 -0.18219067
219 -0.49339014 0.23448104 0.43906498 -0.37389365 0.04591472
776 -0.35468906 0.30757174 0.5328778 -0.4073722 0.02060367
245 -0.5029987 -0.22132732 0.4042677 -0.5034006 -0.20584564
52 -0.5365348 0.30031598 0.30938885 -0.3146294 -0.33938873
426 -0.30119932 0.35579285 0.69370896 -0.3202721 -0.12219967
656 -0.59816986 0.11467391 0.09672613 -0.47054476 -0.21085668
395 -0.9049773 0.34567544 -0.1295884 -0.26515904 -0.18041538
439 0.013157066 0.18093462 0.108729854 -0.999624 0.015923448
767 -0.4052969 -0.01854241 0.3318397 -0.5520656 -0.1943258
1118 -0.4010724 -0.0027218438 0.308359 -0.5483939 -0.2780394
713 -0.5223901 0.4327007 0.2507305 -0.33760592 -0.19658643
323 -0.24719885 0.19469981 0.5009206 -0.60345274 0.27829555
523 -0.3800896 0.5351962 0.6841112 -0.22288255 0.021702055
185 -0.45883483 -0.1199589 0.8080066 -0.3419214 0.11113087
339 -0.5908105 0.3340333 0.13972242 -0.3222636 -0.49910897
792 -0.6002707 0.28280857 0.33828473 -0.31006503 -0.023431035
722 -0.33483654 0.0029231405 0.20449227 -0.6312221 -0.43175545
507 -0.4110391 0.50321126 0.29325694 -0.41741338 -1.8411276e-05
95 -0.39869246 0.17237778 0.41219264 -0.50843656 0.14702132
260 -0.34997413 -0.19907872 0.5626722 -0.5930689 0.10392339
471 -0.80746335 0.4413944 0.29816583 -0.103075095 -0.039664
121 -0.6793383 0.35158324 0.31285188 -0.2377647 -0.0065974467
841 -0.97790253 0.3859728 -0.31075495 -0.31942973 -0.03204199
109 -0.60204124 0.16371411 0.07969577 -0.5017307 0.022597939
1031 -0.3249329 0.031142907 0.3438115 -0.5343928 -0.5300879
33 -0.48704892 0.3620659 0.7337597 -0.14502002 -0.11312067
868 -0.44410038 0.3319157 0.36067665 -0.3946178 -0.10868834
799 -0.35413325 0.01631175 0.2062279 -0.72526914 0.19175181
34 -0.044424027 -0.0053763273 0.08581992 -1.0226758 -0.028273072
274 -0.5288351 0.33915305 0.17206165 -0.39237574 -0.28289562
1071 -0.7224375 0.13501267 0.37798578 -0.24111442 -0.02243185
600 -0.35845205 0.021154718 0.2179634 -0.6720112 -0.025177447
1000 -0.20743622 0.50497144 0.6291039 -0.37486228 -0.15353513
231 -0.36779362 -0.009103467 0.21817136 -0.7098398 0.15836948
763 -0.6832494 0.23837557 0.56029326 -0.15603985 0.073745385
1040 -0.631833 0.17061189 0.35230038 -0.26859775 -0.28711408
1027 -0.74585503 0.5019964 0.25060865 -0.12397085 -0.22612473
1037 -0.50891167 0.048987288 0.6604203 -0.2882843 -0.055889577
709 -0.25590038 0.7284124 0.5811013 -0.2916837 -0.101140715
46 -0.6474663 0.2554066 0.56577444 -0.16696888 0.02437498
730 -0.5457705 0.31525624 0.37810862 -0.34909824 0.12606665
852 -0.27130103 0.2856246 0.4194295 -0.5453199 0.011724391
190 -0.5828592 0.11321165 0.4244503 -0.30901527 -0.18097156
1125 -0.7584498 -0.084417835 0.07617268 -0.36956975 -0.4989024
1146 -0.5447993 -0.23876302 0.37471506 -0.43945184 -0.49590272
589 -0.50447875 0.43622094 0.2661207 -0.40381664 0.13355124
125 -0.7553596 0.56057173 -0.103354014 -0.26263103 -0.37728298
118 -0.41141883 0.15889186 0.37803063 -0.47448775 -0.10480373
623 -0.7091302 0.15666017 -0.16002259 -0.47616976 -0.3762771
470 -0.8459225 0.3687107 0.017302364 -0.2632355 0.027073469
784 -0.5321932 0.323555 0.58568436 -0.20629103 -0.08145937
92 -0.036198944 0.10487185 0.07467752 -1.0127177 0.06467781
755 -0.5568676 0.42393395 0.40752214 -0.29810694 0.19265844
555 -0.6357178 0.5134855 0.23580985 -0.28673026 0.14495215
1075 -0.5965266 0.118883856 0.1283583 -0.46249533 -0.15859708
632 -0.6603118 0.13236316 0.01508292 -0.47390342 -0.123799235
437 -0.73913294 0.15442197 0.33493254 -0.19028994 -0.31594256
680 -0.56450325 0.4489598 0.5220011 -0.18844257 0.014096237
172 -0.62552726 0.49755478 0.3389734 -0.23659772 0.1063012
1012 -0.7995451 -0.07565232 0.20538625 -0.26612973 -0.47538903
863 -0.5778084 0.23820159 0.07139807 -0.42913327 -0.36566004
212 -0.7980692 0.39557588 0.14034815 -0.18035026 -0.22192353
285 -0.9199664 0.30201593 0.09067502 -0.1249304 -0.315867
157 -0.62555695 0.28275004 0.609377 -0.12809265 -0.10289451
196 -0.85566586 0.39383927 0.23476067 -0.08129882 -0.23104228
757 -0.57900894 0.21446201 0.48473105 -0.28962183 0.06996842
408 -0.52743995 0.13318785 0.6657258 -0.19297245 -0.31369156
62 -0.039548315 0.16046774 -0.012331943 -1.063442 0.18923229
768 -0.60697013 0.11171566 0.03708178 -0.5350957 -0.0027255318
521 -0.36704278 0.40445983 0.29410306 -0.54568005 0.3026738
1127 -0.4802091 0.04941798 0.20261696 -0.5261396 -0.2529744
152 -0.68597823 0.45533183 -0.0012402494 -0.3338911 -0.190937
210 -0.35415232 0.29564664 0.28219318 -0.4665292 -0.42987525
608 -0.43972585 0.2746421 0.12272154 -0.56139797 -0.041738566
367 -0.40459797 0.19449548 0.24052927 -0.5519283 -0.059380416
537 -0.46966958 0.5369916 0.8743077 -0.024040826 -0.10421442
65 -0.78715074 0.46147758 -0.07882171 -0.2563868 -0.3870876
1041 -0.647553 0.073597305 0.28354198 -0.29424936 -0.47365516
609 -0.6211437 0.29259905 -0.047569133 -0.46353072 -0.22818181
731 -0.65729946 0.7132055 0.30965298 -0.11072237 -0.1144038
425 -0.9053709 0.22704822 -0.03997893 -0.27287233 -0.10146637
1100 -0.7642597 0.22353762 0.28807485 -0.17958915 -0.266012
756 0.05700273 0.21066801 -0.037387706 -1.1318843 0.12549616
361 -0.17769445 -0.11710145 0.26148313 -0.82253695 -0.18247366
348 -0.8512558 0.21908537 -0.025053756 -0.31456265 -0.08277165
1129 -0.8505925 -0.04047141 0.29493114 -0.16499321 -0.46085075
803 -0.015894316 0.15466954 0.053433135 -1.0495474 0.19391325
194 -0.5322629 0.4483873 0.75015265 -0.10878317 0.105164535
474 -0.53833497 0.59124476 0.6874033 -0.046792183 -0.1144256
162 -0.8389597 0.4574068 -0.019160986 -0.25012222 -0.014027358
401 -0.49401543 0.68344927 0.22834954 -0.3256599 0.03214744
836 -0.7577991 0.6405698 0.1325817 -0.13046736 -0.2238314
547 -0.6088516 0.38281757 0.25274286 -0.2776943 -0.22405986
350 -0.65358514 0.65678513 0.1790714 -0.17818962 -0.25982708
294 -0.3552303 0.3061625 0.0199311 -0.6958134 0.044568356
110 -0.6668008 0.32385466 0.0030392779 -0.39570794 -0.18091756
311 -0.70124274 0.12512621 0.3461821 -0.28906778 0.031343184
584 -0.80148757 0.26864755 0.26225424 -0.22084647 0.13163178
525 -0.64566755 -0.12284109 0.12332309 -0.53774995 -0.022537842
1087 -0.71286714 -0.019054797 0.3554694 -0.21953475 -0.5637329
653 -0.42738754 0.35650003 0.3961333 -0.36986378 -0.1629002
1142 -0.89640343 0.098522194 0.40733203 -0.010284225 -0.5079786
303 -0.45087254 0.31834188 0.39983487 -0.3842487 -0.042156562
328 -1.0309967 0.34491742 0.12694444 -0.038698506 -0.102176465
30 -0.23996057 0.4430063 0.46826372 -0.5436505 0.30727002
283 -0.61932886 0.3502467 0.7279005 0.0056376373 -0.38674542
1003 -0.77670956 -0.06411935 0.2900623 -0.24667831 -0.40314654
420 -0.70091945 0.26151395 0.60332066 -0.12383162 0.14757402
781 -0.5680267 0.16072512 0.6001537 -0.26926076 0.14665434
53 0.04562565 0.1772427 0.099679865 -1.0631185 0.16702768
758 -0.66759455 0.10126629 0.021461599 -0.45199364 -0.25301364
538 -0.51470476 -0.07979507 0.32076684 -0.4495647 -0.41879976
416 -0.6658975 0.023435915 0.19151266 -0.3656776 -0.3782902
186 -0.83420473 0.26941007 -0.014199468 -0.24148886 -0.43157825
485 -0.6005909 0.4497366 0.19008085 -0.33598286 0.0014505455
205 -0.97406983 -0.2504172 0.33952305 -0.22172002 0.11893178
295 -0.7018736 0.59919554 -0.0051849065 -0.30862248 0.009533863
1136 -0.42757443 -0.18347567 0.39413977 -0.49535868 -0.55175954
233 -0.93543375 0.053475868 0.2136891 -0.19325294 0.013095582
349 -0.71889323 0.60389304 -0.021742692 -0.28656256 -0.07846597
481 -0.59439903 0.25390473 0.43827435 -0.17346622 -0.5613251
1006 -0.6041285 -0.15167014 0.3672342 -0.3356441 -0.6447749
126 -0.6247191 0.55078703 0.6269339 -0.043595344 -0.0064880555
513 -0.60367805 0.5142154 0.43594298 -0.20213489 0.13600312
1061 -0.5090349 0.105415806 0.46439734 -0.3139245 -0.38278723
467 -0.76843965 0.52427363 0.021808852 -0.21996278 -0.24496017
461 -0.62703377 -0.36476463 0.22531871 -0.56791836 -0.11665523
1015 -1.0954344 -0.0015229547 0.472187 0.011552697 0.24775766
721 -0.96075517 -0.0461185 0.23167743 -0.09706036 -0.5482949
744 -0.5841009 0.5221078 0.65802425 -0.119931385 0.26307738
754 -0.8022158 0.48636746 0.5146376 0.035522345 -0.09903135
948 -0.49635896 0.32211614 0.24464187 -0.40975147 -0.15390971
1132 -0.4720571 0.24586853 0.327985 -0.3666317 -0.4004653
516 -0.6777782 0.34273893 0.16791652 -0.2745385 -0.2579293
209 -0.65025437 0.5315027 0.65050536 -0.03718518 0.109144785
160 -0.8951815 0.49659038 0.19342244 -0.03943043 -0.20816892
785 -0.6011093 0.08600689 0.69239265 -0.22743648 0.18806681
387 -0.9301485 0.085183986 0.278154 -0.105669245 -0.23251313
223 -0.4066159 0.57653147 0.15012616 -0.48225382 0.045286294
652 -1.0236311 0.35361573 0.02256952 -0.12208142 0.032365132
335 -0.19641246 0.1871012 0.6850122 -0.4157119 -0.4346025
460 -0.863093 0.4943838 0.14177133 -0.11225955 -0.10857842
464 -0.351504 -0.029106276 0.29188022 -0.6869257 0.14325833
528 -0.4791017 -0.0094303135 0.36977968 -0.5613018 0.3130462
897 -0.3431752 0.49401248 0.78957045 -0.22437271 0.09414796
762 -0.29906228 0.25782418 0.7427038 -0.3156392 -0.20027463
396 -0.9082577 0.54760367 0.026521279 -0.0835646 -0.3069349
999 -0.47799808 0.6519161 0.7901881 -0.017605675 -0.13250911
798 -0.33301133 0.51342463 0.42827648 -0.3913215 -0.074953385
1131 -0.7153324 -0.3764342 0.37618497 -0.3597008 -0.4288025
771 -0.5985042 0.13117126 0.31001306 -0.39726713 0.061522827
1050 -0.11034272 0.1556912 -0.020486953 -0.9802683 0.044204466
1029 -0.7870174 -0.028039316 0.066640675 -0.33343142 -0.48544204
924 -1.176191 0.39881766 -0.06096481 -0.0149607435 -0.045216955
557 -0.41801688 -0.39931673 0.56254274 -0.5969741 0.033434413
842 -1.1077183 0.40988576 -0.1457133 -0.15043984 0.15684152
309 -0.5927856 0.49663562 0.44558224 -0.1413806 -0.24820185
40 -0.78769565 0.19435705 0.210315 -0.2771786 0.08360192
511 -0.8634603 0.36853477 0.052219827 -0.19082986 -0.1867223
451 -0.2529589 0.4722969 0.7277838 -0.36351162 0.2163146
1141 -0.45624247 0.03971539 0.32588783 -0.47344592 -0.2954039
120 -0.8118241 0.078040004 0.30819845 -0.18090725 -0.26794302
360 -0.39876908 0.48102328 0.35079932 -0.41904888 0.08068493
144 -0.9987579 0.21376264 -0.107626624 -0.2210665 -0.19729118
187 -0.4018574 0.3554737 0.75072086 -0.20797746 -0.1115474
308 -0.83231187 0.3847347 0.04476764 -0.21251449 -0.19401622
1185 -1.1896825 0.087049685 0.26529357 0.08200771 -0.15280727
84 -0.610625 0.25189817 0.5580457 -0.22088793 0.12718204
494 -0.62143743 0.1816195 0.69875556 -0.15581986 0.097131714
105 -0.87370926 0.18735722 0.08394249 -0.20884866 -0.2977835
177 -0.4759664 0.63256705 0.7497512 -0.053541478 -0.10217354
462 -0.5842098 0.50507325 0.44382775 -0.14163946 -0.28137568
16 -0.83638227 0.24420357 0.21983466 -0.20533681 0.030579675
38 -0.58767825 0.55103165 0.26978022 -0.17595191 -0.50897694
925 -0.397444 0.51237917 0.3967864 -0.36755106 -0.008119124
1140 -0.6838886 -0.16892388 0.4125457 -0.32562274 -0.2253014
183 -0.93828124 0.3596443 0.3445004 0.06716978 -0.42332178
455 -0.88798404 0.2637518 0.4013175 -0.020047707 -0.17755727
459 -0.7442747 0.29307935 0.20586434 -0.283759 0.10577797
384 -0.7637681 0.0091707995 0.33555153 -0.28408277 0.027800206
548 -1.0142488 0.29498765 -0.18078253 -0.24380682 -0.06673457
254 -0.3458563 0.51555735 0.32320875 -0.4563725 0.027804038
906 -0.5429136 0.40043035 0.653508 -0.117856346 -0.1686555
1138 -0.82986325 -0.07277938 0.37171173 -0.13921227 -0.53345823
337 -0.61331993 -0.45932326 0.32324702 -0.59824514 0.085719995
73 -0.73341143 0.5347151 0.45777407 -0.0709721 0.100567244
595 -0.75005573 0.50909173 -0.05027526 -0.27988014 -0.24199545
527 -0.5500465 0.37274873 -0.16383204 -0.5459555 -0.3033475
192 -0.44096917 0.6607903 0.68166226 -0.11376853 -0.07368388
787 -0.72535986 -0.06135762 0.39933226 -0.29060173 -0.05752134
1121 -0.7071315 -0.22391978 0.30088407 -0.29886743 -0.72575253
317 -0.52632415 0.3084828 0.67063546 -0.22689171 0.21524608
1122 -0.90667146 -0.023096863 0.48337707 0.011006754 -0.5865093
226 -0.82896775 0.5311186 0.25892645 -0.0001854638 -0.45761845
1186 -0.694676 0.11210953 0.5045065 -0.13631867 -0.39723748
962 -0.97478503 -0.1859462 0.020569168 -0.28169084 -0.38127476
814 -0.37892616 0.30870023 0.7859792 -0.2216494 -0.12804596
375 -0.8280392 -0.14113307 0.3543766 -0.23951603 -0.17610456
887 -1.0912421 0.15416543 0.18503912 -0.005621661 -0.21374238
574 -0.5182975 0.11900508 0.75016594 -0.111448966 -0.5849993
853 -0.5604953 0.1519312 0.67990667 -0.1441172 -0.35840803
207 -1.0427142 0.55202955 -0.11265471 -0.0730148 -0.17812923
253 -0.6319832 0.27745512 0.71173143 -0.11172991 0.122836284
383 -0.67175716 -0.32067013 0.4626535 -0.4379624 0.16811226
672 -0.28036147 0.4626862 1.0705374 -0.11720793 -0.017796243
287 -0.36622232 0.17553079 0.81452817 -0.33194175 0.23615761
961 -0.67573875 -0.19734646 0.75584006 -0.2706151 0.38934833
12 -0.59832567 0.23092392 0.5137628 -0.29415753 0.29534417
545 -0.8072865 0.2557259 0.6918064 0.04685295 -0.061391782
735 -0.6630699 0.7126426 0.659623 0.111433074 -0.28387827
810 -0.22354648 0.5910715 0.875054 -0.20247011 -0.1317056
534 -0.7670203 0.37202403 0.66796666 0.029984148 0.0060508656
386 -0.44529414 0.750175 0.6912256 -0.035869084 -0.27991462
708 -0.9995659 0.3207417 0.29846296 0.060582455 -0.320995
866 -1.068277 0.3435563 0.11134713 -0.028315738 -0.044374146
1058 -0.62855834 -0.05640833 0.004544208 -0.5323833 -0.35794935
949 -0.39007 -0.08614985 0.6804826 -0.33795473 -0.5288428
153 -0.61809117 0.08117698 0.24309552 -0.41362095 -0.059479807
637 -0.73047334 0.0003499354 0.65830344 -0.03695364 -0.5496885
83 -1.0240808 0.067778654 0.005953005 -0.2669049 0.21774165
794 -0.7419739 -0.085323 0.6659286 -0.13885546 -0.07563138
208 -1.0173917 0.51817095 0.025065314 0.0010739539 -0.34969202
790 -0.7435756 0.3244749 0.4097975 -0.18337141 0.21646047
454 -0.642528 0.4116975 0.5047817 -0.13288692 -0.056977376
1090 -0.57830644 0.15546939 0.8264657 -0.10135387 -0.065881096
932 -0.36239675 0.5807344 0.5367485 -0.2824761 -0.079344966
975 -0.7406581 0.2921699 0.7587054 0.0116984965 0.09434366
686 -0.82042664 -0.505562 0.5424009 -0.31786993 0.052029658
539 -1.152781 0.19273527 0.5594869 0.21867643 0.0038703745
236 -0.4655712 0.49695033 0.6067521 -0.22949286 0.13395716
616 -0.64433545 0.18910518 0.6800004 -0.06488541 -0.34463322
7 -0.7058907 0.47230062 0.39863312 -0.14797729 0.10654523
817 -0.9236999 -0.68933433 0.34128597 -0.45003617 0.25981528
191 -0.8741881 -0.39240062 0.50995356 -0.26619735 0.14429028
313 -0.9633505 0.37334797 0.45680058 0.038223375 0.20835912
256 -0.88025934 0.38871804 0.2545126 -0.066594936 -0.1500787
874 -0.9776657 0.3526688 0.077142395 -0.10544754 -0.10345043
542 -0.64163786 -0.13736755 0.25344536 -0.54006386 0.33028138
435 -0.80323136 0.24190941 0.55287 -0.119175166 0.38736784
905 -0.5996202 0.53003 0.7381955 0.019153778 -0.17420004
716 -1.070238 0.41025943 0.06834294 0.017423455 -0.28750595
753 -0.99920875 0.19064793 0.45990562 0.03250357 0.05013339
1073 -0.57038283 0.21781433 1.0873538 -0.014498825 0.29183346
42 -0.6645511 0.13395788 0.49833217 -0.2588988 0.16770698
41 -0.6291281 -0.16980883 0.20170374 -0.4997937 -0.15750514
660 -1.1328895 -0.7710754 0.30606654 -0.30508524 0.12922105
406 -0.47999543 0.18018742 0.17385858 -0.56390274 0.12298681
221 -1.2535043 -0.18426505 0.46035445 0.03484574 0.4085461
950 -0.8533092 0.071149565 0.113631405 -0.18888198 -0.6495219
86 -0.89330506 0.48967242 0.4263119 0.013907926 0.16421187
615 -0.5686007 0.32284382 0.68215126 -0.23383021 0.49938092
642 -0.5816514 0.37229517 0.6808425 -0.095156275 -0.09557474
264 -0.68410146 0.77590185 0.2224459 -0.052469056 -0.45897773
1151 -0.8662508 0.3314179 0.8865701 0.21448787 -0.01203926
76 -0.6754366 0.08221452 0.37795034 -0.31331176 0.059266232
159 -0.82519156 0.38920796 0.3973184 -0.05387842 -0.043797392
809 -0.46405417 0.62264824 0.40346354 -0.27266872 0.011632652
993 -1.109915 0.15860108 0.08852107 -0.018012535 -0.34164047
438 -0.60795105 0.3133318 0.8430899 -0.038704988 0.0690376
381 -0.5609246 0.5138071 0.78160185 -0.0005906688 -0.14278078
412 -0.71793675 0.17523815 0.5275113 -0.16496801 0.059615824
1135 -0.38903055 -0.47333252 0.82553667 -0.40423036 -0.5129395
1097 -0.56062734 -0.3156624 0.6653171 -0.36406478 -0.11391931
218 -0.7764036 0.22187601 0.10866114 -0.33734813 0.11219039
504 -0.7465641 0.292639 0.39312026 -0.18628667 0.13676514
225 -0.5250114 -0.05395788 0.78401154 -0.22151886 -0.18188447
14 -0.9989471 0.056051333 0.43554005 -0.07385016 0.2951486
390 -0.7053164 0.49220517 0.781976 0.06488801 0.09872153
66 -0.83061063 0.079927914 0.626651 -0.06341869 0.10761019
779 -0.62061936 0.42573413 0.04929537 -0.3650051 -0.2188369
1096 -1.2066474 -0.06881991 0.008877354 -0.21003911 0.44468865
964 -0.5463631 0.6344784 0.3966782 -0.15702464 -0.2529481
571 -1.031303 0.39752087 0.4492669 0.1250799 0.057762787
1039 -1.2974638 0.2261526 0.012928232 0.023577021 0.15364744
766 -1.1829516 -0.4864827 0.27374038 -0.1890264 0.19624978
512 -0.77824485 0.11933654 0.69645125 -0.072063476 0.205641
1013 -0.81513345 0.38014713 0.67155606 0.09458897 -0.10941532
687 -1.2237096 -0.07630205 0.17749643 -0.15083851 0.6653963
306 -1.2493695 -0.32445604 0.2212882 -0.20518328 0.70639914
374 -1.1906446 0.30875543 0.0060757 -0.03094687 0.12925418
150 -0.96705973 0.4882168 0.4208623 0.1091317 -0.05065533
620 -0.6293512 0.33882728 0.8948073 0.024904368 0.021548454
946 -1.2730086 -0.31329858 0.24211408 -0.17243442 0.7153484
624 -1.2058959 -0.106888436 0.22888048 -0.08259036 0.32610044
267 -1.2954632 -0.0385821 0.006771488 0.012464945 -0.32333228
717 -0.8628482 0.038721316 0.17159007 -0.28830245 0.058470067
473 -0.76662254 0.5025222 0.52904326 -0.029534137 0.17245342
645 -0.83879143 -0.05720963 0.62406284 -0.16480562 0.4164038
49 -0.9188391 -0.26478907 -0.0073577953 -0.56291425 0.65049887
363 -1.2891014 0.1704779 0.3709242 0.1632536 0.30126023
169 -0.42873254 0.2719607 0.98944014 -0.12924315 0.11045563
912 -0.40748182 0.67590356 1.1711926 0.20993102 -0.5502937
368 -1.1117483 -0.2667676 0.077687725 -0.36774668 0.6891622
331 -0.75494653 0.5103857 0.21927115 -0.06853956 -0.5766148
45 -1.1440386 0.9742077 -0.3242035 0.04933707 -0.25014687
440 -0.51997244 0.52722853 1.0462805 0.12817426 -0.23547864
764 -0.78085786 0.39636 0.11500492 -0.21402685 -0.18583962
135 -0.90947413 -0.5813665 0.7702581 -0.24626438 0.5539964
486 -1.1084398 -0.2876279 -0.12534313 -0.512735 0.799583
366 -1.399026 -0.33012298 0.33972403 0.03748937 0.3981499
648 -0.93042976 -0.1387625 0.49658906 -0.049835384 -0.32956982
980 -1.506175 0.058603182 0.08462315 0.015930086 0.9364959
517 -1.4972564 -0.4452505 0.0014824974 -0.11946673 0.43573552
60 -0.7424947 0.6058063 0.54336774 0.04729185 -0.117766246
156 -0.70853627 0.929029 -0.06517347 -0.17553808 -0.2447392
864 -0.6529347 -0.22991459 0.15041356 -0.41581377 -0.79484385
15 -0.5717662 0.548502 0.29311118 -0.23217149 -0.19662559
1072 -0.7596925 0.34740627 0.2616856 -0.17861126 -0.13125278
1084 -1.2736019 -0.31332815 0.15372105 -0.2091598 0.6520524
688 -1.0408815 0.77261895 0.030423347 0.13750991 -0.50779027
1120 -0.62842333 -0.79136485 0.8519353 -0.43837625 0.18635736
69 -1.6154673 -0.66996485 -0.080501765 -0.15431076 0.43076882
536 -1.3522716 -0.30981103 0.037485868 -0.26582405 0.94280344
967 -1.463434 -0.65565723 0.1097845 -0.19268931 0.58068395
18 -0.8028926 0.49299884 0.6627289 0.14709006 -0.26475993
108 -1.4815117 -0.88321006 -0.024029305 -0.37778696 0.768046
559 -0.8498792 0.5156431 0.71950585 0.081814334 0.50151306
452 -0.7135627 -0.7962005 0.69901395 -0.4206934 0.013477874
305 -1.3274782 -0.83383596 -0.18545617 -0.56552297 0.76260656
235 -0.9188508 -0.224468 0.9810844 -0.12724246 1.2010932
617 -0.9396164 0.6040192 0.9410217 0.44896024 -0.3071879
79 -0.62798464 -0.49677163 1.1164461 -0.3889505 1.1819636
577 -0.02034731 0.9657302 1.203919 -0.0067616156 -0.4543214
1021 -0.86355954 -0.6870807 0.39507803 -0.42202717 0.010017089
222 -1.0799525 -0.23881353 0.6738219 -0.042918645 0.5936077
1089 -0.56629 -0.7362492 1.1015153 -0.3757987 0.39880064
102 -0.20936881 0.3975585 0.98054427 -0.33461252 0.44837776
604 -0.55825746 -0.94577265 1.1329674 -0.44152886 0.37863466
58 -1.6425447 -0.8235005 -0.08365914 -0.21303737 0.5226847
691 -1.4961312 -0.73280185 0.258861 -0.23400089 1.124626
1083 -0.99953365 -0.71435153 1.0730942 -0.12021212 0.8542264
955 0.06141345 0.05237464 1.644662 -0.3028235 0.3062883
457 -1.5219715 -0.2710751 0.10051461 0.0252256 0.3888105
359 -0.49343675 0.46774536 -0.03815481 -0.51713747 -0.1501474
718 -1.3057874 -0.60212076 0.24490787 -0.38303286 1.3227774
382 0.057022862 0.79325897 1.1639824 -0.3041692 0.3638899
1016 -0.31130236 -0.68195194 0.8769408 -0.46517837 -0.81937397
1085 -1.0132687 -0.5589435 1.3591888 0.21461703 0.2474992
740 -1.3366536 -0.7891895 0.07725405 -0.46922287 1.0779822
492 -0.879988 -0.80651224 0.5940542 -0.5988398 1.2776135
17 -1.6696905 0.97697765 -0.37333003 0.17463288 1.1325524
956 -1.2796465 -0.84628254 0.061554715 -0.6689764 1.6156359
399 -1.2797972 -0.8406505 0.24861877 -0.6944773 2.1427472
1105 -1.9686799 0.73113817 -0.3772431 0.28910834 1.2446436
75 -0.728065 -1.4487765 1.2782514 -0.6417699 1.4316647
85 -1.2230184 0.031355884 -0.5044517 -0.77311116 1.973892
693 -0.8253773 0.47598642 -0.19860655 -0.58734995 1.1971887
465 -0.7466665 -0.5893133 0.79600966 -0.6468149 1.8816918
914 -0.8856379 0.529743 -0.3433985 -0.2671942 -0.5620906
343 -2.2217185 -0.05692673 -0.7284678 -0.36930466 2.6112273
5 -0.12589009 0.43861517 0.37790796 -0.5847739 -0.2627021
1063 -1.4466639 -1.3700078 0.58226067 -0.7182328 2.3381054
