1279 5
1226 -0.12652884 -0.98793525 0.22462028 0.48166785 0.3825667
553 -0.12896252 -1.0993235 0.5282809 0.3224414 0.10142705
620 0.03026953 -1.5993596 -0.15939125 -0.30212992 0.05219528
169 0.043675672 -1.4760114 -0.53528976 0.044654563 0.2896639
589 -0.063638926 -0.7932142 -0.061040305 0.2964635 1.1121461
225 -0.34787068 -1.0199988 -0.10628442 0.55037516 0.55877686
1235 -0.27504584 -1.0494584 0.4735118 0.617422 0.14118764
322 0.25225002 -1.3865497 -0.7335233 0.1495935 0.56121427
506 0.7524096 -1.4417812 0.44838187 -0.3342656 -0.010814653
955 0.077204674 -1.3894601 -0.33649963 0.23090045 0.14215769
1231 -0.30473825 -1.0959231 0.33261156 0.73837435 0.093550265
113 0.61957103 -1.3728598 0.04676797 0.039421238 0.06160535
41 0.25266552 -1.1626875 0.12973242 0.045054827 0.309791
389 -0.11169991 -1.0635103 -0.33861485 0.2382533 0.7715557
78 0.3296356 -1.1024787 0.6428342 -0.2539756 0.33413675
319 0.37218016 -1.2527977 0.4802647 -0.54290885 0.39229807
127 0.050465878 -1.3188553 0.53036094 -0.6353126 0.3240323
559 0.39315042 -1.5294216 -0.06895481 -0.2693202 0.087534636
956 -0.3395648 -1.1295114 0.52429515 0.6380896 -0.00342445
137 0.0034439063 -0.8848567 -0.17427765 0.48959842 0.856268
104 0.642763 -1.2238199 -0.15157728 0.51764023 0.17133266
252 0.26874122 -1.5732409 -0.0038122018 -0.8017396 0.45890814
276 0.4954249 -1.9030918 -0.2950269 -0.69955325 0.1179553
326 0.46286082 -1.5891397 -0.61696523 -0.034318913 0.26406005
444 -0.3414666 -1.4273268 0.022907615 -0.06716645 0.06572516
6 -0.5999975 -1.0845071 0.59759516 0.68440986 0.13775784
693 -0.52396005 -1.0315986 0.79248476 0.45195162 0.21794434
369 -0.6764966 -0.8139564 0.80243075 0.24416015 0.90854067
133 0.6586868 -1.5534602 -0.121194676 -0.7638662 0.58725005
659 0.31640083 -0.62075967 1.058292 0.89867294 0.91038173
755 0.30087316 -1.2707149 0.8102745 -0.25238782 -0.033541176
967 -0.19613867 -1.0761293 0.30406117 0.6903709 0.13462116
662 0.46209264 -0.7424808 0.14542657 0.26627228 1.0281546
294 -0.99647003 -0.91484135 1.0572071 0.22702208 0.8211337
852 -0.015464791 -1.4951521 0.073064715 -0.4669286 0.19601336
485 -0.03569674 -0.85499734 0.8904723 1.48518 0.43643343
403 0.91031826 -1.1892989 0.38112357 0.10815492 0.15364899
129 0.5902043 -0.9117642 0.26450977 0.22865492 0.61228883
254 0.6644215 -1.7723181 -0.22640729 -0.5225639 0.10509132
29 0.4109509 -1.73893 -0.022218935 -0.52600646 -0.020497456
626 -1.1226481 -1.0035446 0.95834446 0.2577952 0.7026811
7 -0.5179707 -1.0784295 0.26029044 0.7006026 0.23966984
323 0.61305267 -1.6012119 -0.6748101 0.5187082 -0.031263757
8 -0.5580899 -1.1118622 0.6176919 0.58592385 0.09296151
528 -0.26648945 -0.7259852 0.6209602 0.42318392 0.8698501
40 0.5096561 -0.7734046 0.9409988 1.2550123 0.57396877
361 -1.0935701 -1.5140843 0.10194631 -0.0286716 0.138117
790 0.33054715 -1.3552922 0.16147125 0.34875 -0.19098979
372 -0.1986647 -1.058071 -0.0034823245 0.51504695 0.40944263
411 -0.37218136 -1.0402753 -0.42726988 0.8414388 0.6500483
284 -1.0630503 -1.041709 1.028137 0.21476042 0.5728971
243 0.53756297 -1.7024153 -0.18219236 -0.7530901 0.38993877
12 -0.2895888 -1.2474345 0.52400255 0.47850797 -0.16849193
193 -1.0456547 -1.5326431 0.17394505 0.06097643 -0.008921005
961 -0.3639267 -1.0983833 0.5811563 0.8893938 0.011084837
318 -0.8601923 -0.8760685 1.0345109 0.35338527 0.7706749
459 -0.29671368 -1.1720467 0.19147354 0.7278681 0.015254987
625 0.41668954 -1.4211558 0.38679427 -0.67716134 0.32210782
475 -1.1020321 -1.5660715 0.17721336 0.09117027 -0.041063312
126 0.28695047 -1.3601044 0.21283062 0.31605327 -0.20893806
101 0.5213688 -0.92403716 -0.25520137 0.598732 0.76021767
157 -0.7051767 -1.2959955 0.19953892 0.40740725 0.04091641
30 0.985744 -1.6853329 0.42498195 -0.7390948 0.070001245
187 -0.14737035 -0.9163792 -0.3503281 0.29612297 1.0905278
53 0.2875381 -1.6134001 -0.023285758 -1.080065 0.7139799
600 0.010396513 -0.72310454 0.49462435 0.41304 0.83661443
681 1.3512906 -1.2820916 -0.093847156 -0.1394425 0.66667676
207 0.18642399 -0.9527491 1.0891979 1.8479419 0.32409135
796 -1.0597541 -1.0399065 1.0100781 0.07261172 0.6516274
672 0.14376539 -1.3604602 -0.95168555 0.67667186 0.5194252
974 -0.95227504 -1.3785996 -0.6687739 0.39166874 0.6803164
20 -0.9822044 -1.2133996 0.27303424 0.38540456 0.30988842
165 0.41176888 -2.0495112 -0.236344 -0.9982972 0.1668852
229 -0.6540212 -0.8986475 -0.23860589 0.31211042 1.2600353
16 -0.52687 -1.0611584 0.73963267 0.44391823 0.18347171
498 0.992965 -1.4742359 -0.08447477 0.4203024 -0.1424066
568 0.32378727 -0.7166797 1.2948155 1.0748918 0.63230276
90 0.030876085 -1.3014472 -1.0436671 0.2457561 1.0575666
738 0.37518802 -1.7441655 -0.25891548 -0.7418899 0.3507784
80 -0.019821564 -0.8196298 1.1860174 1.2021394 0.44526818
200 1.001499 -1.5228149 0.49177897 -0.7687886 0.2988192
798 0.66885906 -1.4178784 -0.22019967 -0.09294912 0.27579218
675 0.6909697 -1.7555226 0.63942105 -1.0521661 0.0908012
427 0.415494 -1.645176 0.01648909 -1.007158 0.5691849
439 0.42538348 -2.028407 -0.17688605 -1.1438038 0.28952938
275 0.56355697 -0.937325 -0.0027796137 0.18316197 0.76873726
185 0.23312339 -1.4061106 -0.825517 0.72999424 0.2840295
742 0.2745626 -1.6667265 0.044169605 -1.0003493 0.47991595
141 0.43386936 -2.0413754 -0.1484287 -1.1502537 0.2606203
456 -0.94787514 -1.1302665 0.93151045 0.31166705 0.26559502
454 0.26219806 -1.4040219 -0.008932973 0.7346512 -0.3178519
281 0.18711424 -0.7416272 1.2835404 1.6391795 0.8059801
762 0.59490716 -1.5512915 -0.18241063 0.083732694 -0.07764531
140 0.8305948 -1.3059412 0.41125873 -0.3565054 0.28612977
668 0.7060201 -0.75907636 1.0805671 1.6164799 0.76938856
138 -0.97713727 -1.0038648 -0.32299086 0.6643204 1.0721571
148 -0.061089784 -1.1994551 -0.7739081 0.23950152 0.9501855
81 -0.9231548 -1.4450386 0.23135257 -0.02062048 0.089227505
106 0.4433798 -1.6597521 0.031369105 -1.065241 0.60927385
747 0.7760671 -0.66945297 1.2106498 1.5613838 0.98765
143 0.36402538 -0.71402496 0.3626448 0.14391351 1.0498172
233 0.22821307 -0.9799499 1.1960416 1.7147374 0.23589388
230 0.44741428 -0.8747213 1.6324079 1.4171189 0.41432136
800 -0.05407255 -1.8675362 -0.06767494 -0.45218703 -0.28033528
9 -0.598143 -1.1998801 0.6077917 0.70513105 -0.071853444
302 -1.2026747 -1.0531226 1.2185314 0.29853326 0.61536324
673 -0.12669045 -1.3962734 0.2628001 -0.3801459 0.16210765
242 0.04040568 -1.683582 -1.0491531 0.019666333 0.48851952
97 0.29995796 -1.557961 0.39476338 -0.9860457 0.39948812
34 0.9523378 -1.2824744 0.13436215 -0.16421536 0.3697865
501 0.9129916 -1.5056363 -0.081841335 0.52308583 -0.25017476
312 0.2514943 -1.58354 0.5689339 -1.071559 0.33626136
783 0.38305333 -0.7102879 1.1895207 1.861088 1.0023202
793 0.52739936 -2.1094744 -0.15432067 -1.2586244 0.29167575
46 0.07111169 -1.6699722 -0.6641588 -0.07272673 0.1983367
782 0.59406763 -0.5302579 1.1280218 1.054461 1.2087562
357 -1.209013 -1.0489864 1.1106409 -0.4092177 1.1269666
5 -0.37930351 -1.3759255 0.16519792 0.5120575 -0.2124695
663 0.07530335 -0.90125424 0.96915007 1.8145497 0.43575284
676 1.4425919 -1.6345721 -0.396589 -0.33467582 0.53006524
1037 -0.5589198 -1.0397942 0.29236683 0.71354944 0.32319495
349 -0.044593997 -0.8857442 1.085039 0.30497342 0.37071404
213 0.36025628 -1.7873743 0.016669337 -0.8173966 0.15911257
569 -0.2725965 -0.9512074 0.02506917 0.5165717 0.6278923
218 -0.9121082 -1.0557055 -0.03343216 0.7806133 0.6099987
803 0.12030708 -1.9018759 -0.10967335 -1.4038554 0.6845172
47 0.6389229 -0.62276614 1.2957064 1.2563252 0.9758761
445 -0.20628467 -1.0599127 0.29675323 1.1725272 0.08511908
556 0.85564786 -1.4537954 -0.043267295 -0.14641374 0.19854987
300 -1.2935891 -0.9656022 1.2684578 0.33766717 0.90300983
466 -1.4012103 -1.0308203 1.228539 0.37627104 0.81281877
62 0.30580673 -1.2217026 0.5836477 -1.0300958 0.9007625
373 -0.54734796 -0.8232076 -0.23018274 0.33608297 1.3982004
299 0.63417554 -1.7314183 -0.07011584 -1.0762329 0.6270376
385 0.58505464 -1.7829101 0.08285666 -1.2700608 0.6443187
17 -0.39215344 -1.3132472 0.57691914 -0.046646822 -0.032317344
922 0.26189807 -0.7913888 1.3490117 1.9370914 0.8479998
402 0.02840035 -0.7579795 1.2781044 0.65636533 0.56686074
266 0.6374809 -1.7164376 0.07274944 -0.962158 0.40456444
409 -0.47373927 -1.1141044 0.448645 0.8077138 0.080980115
256 0.34278467 -0.7050358 1.5080236 1.9161226 1.1145414
655 -1.1334293 -0.99509794 1.1411664 -0.06431859 0.8853603
37 0.45804155 -0.597592 1.4715949 0.43336633 0.9745125
639 0.6539333 -0.84855384 1.6761565 1.388557 0.49095538
28 0.50304323 -1.5862607 0.18741538 -0.5384149 0.084171206
239 1.2575057 -1.5589597 0.06841583 0.16261435 -0.13790293
807 0.5109856 -1.943553 -0.15598445 -1.1699624 0.45047784
725 0.68717074 -0.6072544 1.4333413 1.6215826 1.2426691
623 -0.57235056 -0.7123028 0.88647205 0.40100703 1.0262312
259 -0.30079946 -0.83585316 0.2985188 -0.089847155 1.0855497
629 0.71301085 -1.044432 -0.8467263 0.97662026 1.0000201
595 0.4446368 -0.69970614 1.1151801 0.5454138 0.71574956
531 0.8884936 -0.9149544 0.08862162 0.44998765 0.66321045
1062 0.69525725 -1.5700455 -0.071609445 0.7419173 -0.47712892
237 -0.67404777 -1.3012252 0.027381584 0.28211266 0.18126908
283 0.8918419 -1.2678037 0.10254674 -0.28025812 0.4943615
628 -0.8569435 -1.4374492 -1.2737058 0.6155644 1.2259597
171 0.5127326 -1.8479977 0.0801893 -1.3059696 0.57621783
458 -0.3913455 -0.8428206 -0.24225006 0.16545208 1.399676
400 -0.77763146 -1.182189 -0.7919818 0.4109752 1.1898999
753 0.06900014 -0.9368512 1.1413584 1.5879906 0.27034295
532 -0.2899795 -0.6985383 0.89916575 0.3032471 0.9579387
743 0.5791487 -1.5930578 -0.23052253 0.70969987 -0.42301315
114 1.0760157 -1.4718127 -0.2084048 0.70837384 -0.15271361
756 0.18894441 -1.5436013 0.15886006 -1.3510262 1.0085489
649 0.29909214 -0.82595736 0.999511 -0.24652228 0.7272256
426 0.1986192 -2.1399245 -0.49480864 -0.5949538 -0.17684105
227 -0.45856532 -0.82202446 0.4486141 0.40774098 0.81070584
375 -1.279135 -1.6679299 0.20164186 -0.094648644 -0.019716436
216 1.0023624 -1.7107577 0.5637994 -1.0818063 0.299965
917 0.3184509 -0.78341514 1.5515782 2.2074347 1.0818424
584 -0.065833986 -0.8826016 0.36564755 0.6681563 0.47770616
624 -0.17078458 -0.99367553 0.88086087 1.2212757 0.1015411
401 0.968515 -2.3180883 -0.6267008 -1.1872845 0.47608623
404 0.17816652 -0.77581364 1.167594 1.9832759 0.8665023
131 0.32385248 -0.7548141 1.3620443 2.2099702 1.1749682
573 0.9190916 -1.3680342 0.31917 -0.024022987 0.009779356
640 -0.553431 -0.9628072 -0.63780135 1.1606046 1.1020472
212 -1.2225077 -1.5963217 -0.8976728 0.3060347 0.73229
839 0.41502583 -0.85885745 1.0174587 2.2693722 0.82561326
888 0.8133407 -1.4441928 0.29376736 -0.27695367 0.07301304
544 -0.93629366 -1.439299 -1.1192697 0.6268257 1.0062604
228 0.3336599 -0.7976515 1.423921 2.314222 1.0774328
269 0.37978768 -0.85826623 1.3680816 2.4091785 0.97651887
43 -0.47106537 -1.0770864 -0.23148496 -0.25846636 1.1445282
805 -0.3709377 -0.91921586 -0.26568237 0.3537872 1.0735699
109 -1.2898164 -0.99152035 1.1068845 0.6249038 0.72919905
841 0.28242493 -0.8806945 1.2513442 2.2480357 0.77901906
772 -0.6079707 -1.3072263 -0.993068 0.5028281 1.0125797
914 -0.4976881 -1.2893044 0.6535921 0.80074376 -0.30627823
417 0.4686822 -1.6352751 0.14273866 -0.47697607 -0.013545116
188 0.3456359 -2.2411337 -0.62020415 -0.851817 0.052735344
567 0.14290573 -2.0052202 -0.03532656 -0.8355306 -0.09047105
825 -0.4681932 -1.3268968 -0.9344976 0.44509616 0.8839755
612 -0.2828091 -0.9169842 -0.44952464 0.3249317 1.2265507
657 0.061979633 -1.6695129 0.13584138 -0.67807204 0.08528092
707 0.68731654 -0.84596634 1.2715153 2.4170291 1.0102273
632 -1.0427955 -0.87123895 1.2385395 0.16024013 0.9930439
477 -0.27876267 -0.53900117 1.5427179 0.46837437 1.3756897
23 0.56955665 -1.8563823 -0.05184541 -1.2867327 0.6401482
271 0.027087685 -0.52906674 1.474217 0.059157517 1.4670728
471 0.71357757 -0.97003937 1.3194051 1.9589752 0.3978613
699 0.5254284 -2.2087314 -0.7125536 -0.91381156 0.27816877
85 0.33971122 -0.97255844 1.3207314 0.96011627 0.08664845
552 1.3203782 -1.4625212 0.9318217 -0.8299891 0.34944275
121 -1.2963386 -1.0373507 1.2385509 0.7777701 0.56084263
749 0.5996637 -0.6238728 1.4728435 0.17295721 1.0066574
76 0.39686057 -0.7235935 1.467604 0.324017 0.65900934
856 1.0244948 -1.5020276 -0.457576 0.5079437 0.038427718
272 1.0935494 -1.3608308 0.29066497 -0.29453778 0.29067242
224 1.0107911 -1.5631876 -0.474714 -0.5937167 0.8110025
502 -0.026194444 -1.1317356 -0.7163506 0.42562416 0.87858766
667 0.921026 -0.88236153 1.3359425 2.0920465 0.7303845
692 -0.2771531 -1.2311392 -0.4461184 0.7119956 0.33639717
382 -0.23367342 -1.2652764 0.21083508 1.0480577 -0.21942501
195 -1.5031123 -1.2104939 1.2058514 -0.64975655 1.2309953
11 -0.6086766 -1.1553569 0.48276404 0.7391399 0.037878573
425 0.4177215 -0.9172005 1.5486304 2.3981297 0.8286077
277 0.31066748 -0.57377964 1.3342272 -0.37236023 1.5989982
716 -0.38159433 -0.8599382 -0.48260373 0.9970663 1.1407689
513 1.3120002 -1.7489381 0.72551453 -1.0168828 0.21107155
801 0.9436008 -1.5643034 -0.23202752 0.8182585 -0.34989488
1035 0.5153316 -1.9796815 -0.43458503 -1.1355865 0.59343386
320 0.49639884 -0.9408022 1.3519155 2.3742151 0.728819
346 -1.7035244 -1.9692291 0.076066226 -0.013793442 -0.14998506
130 -1.3470585 -1.182737 1.183417 -0.6385961 1.0824726
360 0.88830334 -2.5539632 -0.7038698 -1.2209338 0.21827592
773 0.98375505 -1.4897704 0.74120086 -1.3413374 0.8280427
913 -0.5558909 -1.2600061 0.6519669 0.7963897 -0.22336885
241 0.3027184 -1.0616997 1.3948736 2.6681616 0.6353636
777 -1.7492119 -1.1531805 1.2661709 0.35283032 0.89211935
788 -1.1595589 -1.4694433 0.36066812 -0.60221183 0.5743848
293 -1.4922677 -1.2635013 1.3570838 -0.64994025 1.0601104
190 0.08880176 -1.3466845 -0.3866193 -0.10501413 0.49639285
446 0.22510983 -1.8461328 0.13846323 -1.0927607 0.25755903
722 -1.1069708 -0.9521966 -0.4397386 0.91966033 1.4088163
344 0.41987744 -0.6693568 1.8455707 1.8408889 1.2516633
709 1.7111536 -1.2108221 -0.4125057 0.16245551 1.1170148
521 0.9675811 -2.4659233 -0.6229643 -1.3338491 0.41650164
250 0.05507048 -1.3673643 0.3070415 -0.25775787 0.09184639
313 1.6899005 -1.2695893 -0.05927253 -0.26841453 0.9518507
656 -1.6925732 -1.0066241 1.4533175 0.49825674 1.176162
867 0.8941063 -1.804902 -0.4507332 0.6971076 -0.50595295
617 0.32831264 -2.0509977 -0.4776792 -0.048427638 -0.49362
636 0.7270113 -0.65106875 0.054014478 0.25437137 1.4565506
507 0.6516858 -1.9494334 -0.7397516 -0.5635526 0.3418633
724 -0.4317341 -1.3830572 -1.2782961 0.31631058 1.3396428
964 -0.4568576 -1.2492805 0.5520205 0.97271836 -0.23457164
248 1.0619459 -0.98600894 -0.07727715 0.36863813 0.73979455
25 -1.0576268 -1.2863271 -1.0987717 0.4262181 1.6568209
524 -1.4268687 -1.172113 1.48061 0.04046565 0.6786271
652 -0.07054724 -0.7480589 0.1837792 0.9953784 0.786318
601 0.2591266 -1.8237634 -1.4294004 -0.16859221 0.88639694
897 1.5090559 -1.7694937 0.73992926 -0.67799866 -0.071352385
631 -0.45808414 -0.60353076 1.6243511 0.37278837 1.3043033
342 1.0195664 -1.7263118 -0.08897882 0.68068063 -0.58031255
147 1.5817142 -0.92311823 0.0046103415 0.042445548 1.3186797
871 0.4569733 -0.7568894 1.6593317 2.3068802 1.2778382
378 1.1992955 -1.3680987 0.32345724 -0.3626366 0.34833795
410 -1.4679266 -0.98617744 1.3132316 0.53490275 0.97434837
943 -1.420419 -1.7245364 0.028023876 -0.2134576 0.17322092
468 0.21655604 -1.7256684 0.85915667 -1.3556458 0.29231063
778 0.89763606 -1.5719808 0.590774 -0.4225846 -0.15767625
763 0.5225118 -1.6916472 -0.54253364 -0.45013618 0.41187894
496 -0.17082313 -0.6523961 1.6137732 -0.36169556 1.4188074
202 -0.5957381 -0.96209913 1.0008783 0.8522296 0.2679128
257 -1.6668928 -1.0577939 1.2249937 -0.3007508 1.5502828
341 0.05485491 -1.6520193 -1.4441062 0.5498139 0.6559372
653 0.509299 -1.0685415 -0.41749528 0.4581162 0.6832683
325 -0.003458801 -1.7125176 -0.29839143 -0.65751725 0.32336956
63 1.4551579 -1.7276896 0.77566653 -1.0808005 0.36247322
420 1.199786 -1.6434284 -0.13327187 0.6366728 -0.38579807
670 -0.21854395 -1.9082799 -0.40338594 -0.44336528 -0.10353571
265 0.33746526 -1.4621702 -1.3527002 0.20171453 1.2138311
491 -0.3538791 -0.84871536 0.18730998 0.37398043 0.8587381
22 -0.67954135 -0.80425215 -0.30599126 0.39132342 1.6469545
73 0.47683778 -2.3792288 -0.3783065 -0.97686815 -0.17027248
236 1.309175 -1.9583396 -0.44570056 -0.06322881 -0.165033
431 0.7071965 -1.5012761 -0.33221382 0.5948708 -0.15599838
916 1.2987581 -1.6881741 1.1861826 -0.9939924 0.06694154
697 -0.7609537 -0.7695785 -0.15949348 -0.09570813 2.1352563
734 0.40536982 -1.0644472 1.7300212 2.6820524 0.6831482
736 0.5060242 -1.6728191 0.17606801 -1.3454808 0.8340527
514 -0.036090557 -1.8563603 -0.053314947 -0.72188485 -0.020407576
407 1.4911883 -1.8648732 0.9276297 -1.1777056 0.19689837
332 0.49222052 -0.51070136 1.476807 0.31529787 1.2813615
315 -0.7323416 -0.9078812 0.10012927 -0.59539974 1.9746002
488 1.3290684 -1.7365177 -0.07776843 0.52537274 -0.44349855
362 0.3926644 -0.51265526 1.662184 -0.16181056 1.7228775
24 -1.2454584 -1.4367081 -1.2830961 0.3020347 1.8413498
924 0.30031174 -0.93581027 1.5351552 2.7490492 1.0410986
223 1.2791135 -1.8735049 -0.574703 -0.7567859 0.6979765
752 0.43544418 -1.8555614 -0.091633014 -1.3417819 0.72894394
504 0.06860649 -1.2723246 0.51944005 -0.2348956 0.115987875
367 1.0854119 -1.6262923 -0.27230397 0.60916436 -0.28218496
561 0.1870506 -1.6778584 0.9955896 -1.3923815 0.33280125
823 -1.8335949 -1.4182575 1.4898092 -0.5560226 0.9738285
791 1.1094781 -0.7096106 -0.40313184 1.13847 1.6454252
815 -1.7360073 -1.2875046 1.4342059 -0.65098244 1.2864127
328 0.11215009 -1.0595783 1.2287248 2.335133 0.3523583
14 -0.56679064 -1.4434235 0.65270114 1.0069469 -0.5313563
88 -1.7495124 -1.0788784 1.5750717 0.61604536 0.98293424
421 0.061107527 -0.49085712 1.6581061 -0.13253407 1.8622577
503 -0.87509 -1.1597488 -0.09892481 -0.945267 1.9426128
582 0.43233964 -2.1598334 -0.30919534 -1.5055357 0.66193116
136 1.3096789 -1.4957186 0.1747186 0.022792479 0.004292179
412 0.45734417 -1.2514937 -0.34051767 -0.46587315 0.99108
472 0.4542864 -1.8481133 -0.12882929 -1.2754135 0.7158302
483 -1.0495579 -1.4520854 -1.2345471 0.25582373 1.5374051
658 1.0659581 -0.64605623 1.5841907 1.9786303 1.4280035
1274 0.19783919 -0.8160403 1.6652639 2.594328 1.2890867
162 0.7636522 -1.0139806 1.9798756 1.0479677 0.12239602
679 0.10594892 -0.6307885 1.2474465 -0.68754154 1.8933185
125 -1.0679556 -1.8102676 -1.7972603 0.75707734 1.3036972
760 -1.9839425 -1.1874555 1.5559032 0.46660775 1.0629758
554 0.14709517 -0.49398145 1.5073787 -0.17770691 1.8236811
132 0.303394 -1.1317137 -0.2559194 0.004264748 0.7123232
355 0.6179103 -0.46940166 1.5698351 0.51097924 1.4876798
708 0.16741113 -1.2802361 -0.72898 0.52996296 0.51854414
295 0.68100524 -1.1124234 0.95791113 -0.33530194 0.29043442
316 0.26384577 -0.79662335 2.0759082 2.2480984 1.2009035
571 0.2546775 -1.0080212 1.2903346 1.8070205 0.23619173
537 0.68588644 -1.2220459 -1.1505083 1.2092197 0.91739684
232 -1.816145 -1.2049408 1.4211532 0.42280698 0.83968043
635 -1.5415335 -0.89408714 1.5099443 0.48567325 1.3438207
1277 -0.8781848 -1.0709692 -0.1995949 1.1337955 0.5879645
1063 1.4350536 -1.1729712 -0.60825175 0.29235512 1.0899425
86 0.66962665 -0.8018012 0.8976159 0.4072946 0.4961484
792 0.6849787 -1.0559646 -0.7196491 0.9026591 0.8530209
424 0.5563622 -0.56449956 0.029526234 0.36304897 1.6779475
177 0.5575803 -2.6116345 -0.43715814 -0.9244386 -0.4465942
509 -1.2516932 -1.7482219 0.050583888 0.067194685 -0.16654962
997 0.3324209 -1.3280588 -0.37074447 -0.5154922 0.8896988
558 0.23042281 -1.7670118 1.0023291 -1.3858664 0.18359008
447 -0.6797967 -1.0746518 0.65346855 0.4842932 0.25648484
38 -1.0284348 -0.9062697 -0.29759812 0.9157836 1.3161751
903 0.39531207 -1.4414543 0.46418142 0.24410266 -0.41187888
340 0.31655845 -1.2155608 1.3834974 1.8474636 -0.2064806
434 -0.08095155 -1.1403556 -0.3415451 0.57479584 0.42067796
352 -0.31600478 -1.4978229 -1.5719398 0.40294245 1.470231
68 0.48913008 -0.5212916 1.7033426 -0.16742888 1.6781007
542 0.5550801 -0.86855054 0.9460854 1.1976256 0.30572578
393 0.64216346 -1.3104234 -0.38110134 -0.682797 1.2202442
863 -0.38582626 -0.94482654 0.6011088 0.35062087 0.46388626
664 -0.5308238 -1.6255212 -1.3438824 0.1528876 1.0224735
435 1.0828285 -1.7454225 -0.33423582 0.8585602 -0.49126744
395 0.6831001 -0.84519106 1.4262433 2.5100658 1.1358306
1060 -0.020960134 -1.3118062 -0.21569875 0.31153205 0.15631886
144 0.4898516 -0.47825772 1.5526942 0.89384705 1.4017941
651 -1.0673862 -1.3886939 -1.2853422 0.27993864 1.8530021
59 -0.59727615 -0.740508 0.04056384 0.39814302 1.383034
618 -1.0952561 -1.2480905 1.4545823 0.20780002 0.10229501
336 -1.1216197 -1.760761 -1.2984618 -0.18942946 1.263084
983 0.20312189 -2.1701035 -0.51718813 -0.9543138 0.1606316
819 -1.1678224 -1.0770556 1.1540564 -0.047804125 0.71819043
842 0.48754433 -0.9024522 1.063747 2.9013858 1.227107
19 -0.5558996 -1.1851176 0.358638 0.4827698 0.107401505
611 -0.82147807 -0.81900686 -0.15156734 -0.32379067 2.3332036
683 0.22817592 -1.6780947 1.1687454 -1.1520498 0.037749033
594 1.660687 -0.812442 0.06150527 0.18203281 1.5765828
371 1.7570539 -0.9574211 0.0057910522 -0.012525644 1.4201118
884 0.5858656 -1.0339886 0.33307865 0.31560665 0.29139367
548 -1.8806508 -1.1705315 1.3541117 0.71481556 0.8023308
838 0.1927113 -1.1065065 1.3439574 3.2192447 0.917885
497 0.5134483 -0.6069346 0.15557028 0.44293183 1.3795031
110 -1.6306851 -0.9396166 1.4423138 0.575198 1.2617829
433 0.85228777 -2.064435 -0.060711406 -1.5827706 0.7961149
948 -1.460628 -1.1431669 1.4109566 -0.4670653 1.143007
816 -1.793024 -1.472747 1.3966541 -0.6828752 0.91875386
969 0.23184255 -1.0023009 1.2391844 3.2166998 1.2022984
654 -0.81189495 -0.7984881 -0.26461852 0.58110493 1.5939323
952 0.4287422 -0.946091 1.7127383 2.1569984 0.63086134
523 1.5369854 -1.2296708 -0.4419171 0.08689699 1.0147524
95 -1.2510128 -1.3449705 0.31437895 1.6445129 -0.005003757
928 -0.39608604 -0.7677924 0.9951746 0.21515861 0.8337774
598 1.3349475 -1.4185818 0.27179867 -0.25161806 0.2750989
303 0.46131778 -1.6848687 -0.17224178 0.5004633 -0.5066935
240 1.9400733 -1.006817 -0.2725973 0.32748458 1.6323353
765 -0.023412766 -2.2968528 -0.25579348 -0.79842305 -0.37925258
296 0.21645004 -0.6968379 0.03378027 -0.042890195 1.5568383
495 0.651355 -2.6348746 -0.32500416 -0.9984501 -0.48654667
274 -1.6138449 -1.6627344 0.2745578 0.010728252 0.14147429
83 0.9188614 -0.78042805 1.7899973 0.06777636 0.7423951
60 0.82988703 -1.7206651 -0.2230747 0.89209145 -0.6109325
700 -1.8227984 -1.358609 1.5516953 -0.22762966 0.83696496
31 0.5680274 -1.6860709 -1.0931803 0.82325536 0.09552293
301 0.6559923 -2.343276 -0.22550496 -1.7305768 0.65438735
478 -1.0935826 -1.5297562 -1.3418444 0.18848607 1.6442126
174 0.45046404 -1.6064386 -1.6447133 0.3825569 1.2331249
957 -0.56085694 -1.3323946 0.4257658 0.6951513 -0.2587428
873 0.62849444 -0.79574496 1.6128763 2.5551586 1.3293827
156 -1.4542385 -0.91756004 1.401287 0.67662144 1.0867479
168 -1.4520407 -2.0566244 0.17749326 0.13447239 -0.54551965
920 0.19768697 -0.49944517 1.423447 -0.13515902 1.7230443
154 0.84709847 -1.7771914 1.4825274 -1.4743888 0.22655407
10 -0.5603579 -1.4300485 0.59589106 0.8828084 -0.498816
179 0.418437 -1.194235 -0.3649274 -0.09548474 0.7747467
482 -0.11114774 -0.6499767 0.7831389 0.35635012 1.0248854
606 -1.3564317 -1.4595529 -1.311909 0.33533946 1.9679407
263 1.3193873 -0.87791014 1.3640097 2.4307094 1.0413659
384 -1.5565679 -2.0205882 0.14695528 -0.057308625 -0.33063886
547 -0.55478585 -1.3431028 -0.9228492 1.1897459 0.51693356
51 0.52156854 -0.70252055 0.33103085 0.27373472 1.0377585
146 1.888148 -0.9198191 -0.14219381 0.25287077 1.719194
94 -0.3194455 -1.550762 -1.070039 0.008544515 0.8054599
637 -0.64594156 -1.4790503 0.21041659 -0.058112 -0.04482311
481 0.23264241 -1.8288832 1.4317117 -1.1441587 -0.28318354
702 -0.21589978 -1.0439686 0.9296097 0.3620665 0.09560599
822 0.4937986 -2.6473687 -0.35670227 -1.8171806 0.41682103
776 0.12798843 -1.5966744 -1.5462925 0.3888681 1.0918577
198 0.18534213 -1.239794 0.7383963 -1.5630955 1.4803675
348 0.19363533 -1.0438744 1.7699707 2.670153 0.72731835
493 -1.2025036 -1.7385157 -1.7193221 0.8078095 1.4509289
363 0.20641425 -1.073176 1.3794645 1.7899473 0.07986911
519 -0.496143 -1.1428787 1.0876393 0.49640298 -0.05828107
607 1.5240705 -0.82277864 -0.17909081 -0.23448004 2.28024
415 -1.1531794 -1.3613625 -0.8136822 -0.23265478 1.5880275
780 1.3585684 -0.65597636 1.7164879 1.7905262 1.4096023
580 -1.2472659 -0.9950509 1.3084283 0.10515108 0.9275771
462 0.1450201 -2.2104127 -0.70286274 -0.5198675 -0.16875403
21 -0.69435436 -1.3284386 0.7699021 0.97671324 -0.35022378
901 1.7231557 -2.0810804 0.88922864 -1.48515 0.34790036
751 0.14683934 -1.6833224 -1.072531 0.41469437 0.2479536
45 0.2813858 -0.8977429 2.2270865 0.44722104 0.45342633
1000 0.1510368 -2.335804 -0.38955438 -1.0791665 -0.043076772
470 0.8054466 -0.7082842 1.2873904 1.4198642 0.86647046
530 -0.8168096 -1.1754706 -0.015414438 -1.0470229 1.9424787
234 0.42555583 -0.61257803 0.34432778 0.26402855 1.2687325
522 -2.0539258 -1.2758943 1.8677522 0.22132975 1.0837632
13 -1.4034991 -1.3992375 -0.0073038605 0.38943076 0.41908386
661 0.23460034 -0.4995627 1.598945 -0.3822823 2.1189036
767 1.094102 -1.7770824 -0.3123332 0.9154798 -0.5657989
285 0.016597044 -1.1041338 2.1490088 0.43336806 -0.0021985956
603 1.0076766 -1.6578478 0.7933948 -1.3173271 0.5378689
527 -0.3827578 -0.89904755 0.46325856 0.45767447 0.5872974
258 -1.8214514 -1.769635 0.20383903 -0.093253955 0.25550878
806 -0.49502417 -0.67297196 -0.14674313 0.58330834 1.6432129
388 0.16239975 -1.6807742 0.3049671 -0.84136343 0.11585661
750 -1.87022 -1.0983104 1.5534459 0.75981236 1.0139157
443 0.035413023 -1.649089 0.2109242 -0.7827522 0.17224628
1033 0.7054513 -2.6457875 -0.7784955 -1.5340946 0.4903598
339 0.18275619 -1.7571079 1.3468962 -1.1447928 -0.15343362
641 0.2656744 -1.911742 -0.6119432 -0.6757006 0.32967722
139 1.2636284 -0.98174924 -0.8280631 1.3878851 1.3903166
515 1.5218902 -1.658513 0.09183843 0.2748342 -0.24148116
1275 -0.57290107 -1.1518211 0.376636 0.8284529 0.06452567
119 0.31418437 -0.75450325 2.1766617 2.4047778 1.4840533
1206 0.8877472 -1.5245153 -0.41187716 1.0647074 -0.26529858
939 0.04257927 -2.028165 -0.63989186 -0.61010194 0.10010058
761 0.41565022 -1.1970259 -0.7792337 -0.08142183 1.244211
251 1.3756675 -0.79399514 -0.44439593 1.0331961 1.6690634
647 -0.5632997 -0.6933525 1.2115196 -0.0069633145 1.2814592
937 0.98888755 -2.849467 -0.547801 -1.7507136 0.3580495
843 0.4613087 -1.0622466 1.3593633 2.8627527 0.7611799
516 0.46945864 -0.54585516 1.7304454 1.139317 1.3023697
959 0.5659246 -0.96666414 0.361742 0.04862315 0.56215364
543 0.19050324 -0.5669906 1.5516558 -0.74695534 2.4172795
633 -2.0111725 -1.8911853 0.6875533 -0.4485784 0.21847944
203 0.86378676 -2.767262 -0.69783026 -1.6409245 0.44175908
706 0.9654069 -0.828942 2.0268922 0.05237324 0.7530562
329 0.09989639 -1.9581125 -0.23371106 -0.84345216 0.09714988
398 -0.0619029 -1.9524969 -0.12030938 -0.56093395 -0.24244775
338 0.2902832 -1.2860482 -0.05412908 -0.1844445 0.42390317
1188 -1.3390259 -1.3337042 -0.90033036 -0.21369156 2.042055
1243 0.04457879 -1.8440225 0.23304112 -0.67307574 -0.24298184
386 0.17536665 -2.0924082 -0.5827455 0.00893552 -0.51654005
572 2.0162992 -1.1153051 -0.49148116 0.4056525 1.6927179
954 0.091646306 -1.9941064 -0.46336383 -0.586702 -0.007687011
717 -1.5258708 -1.6268661 0.009657892 -1.2854656 1.5362
261 0.37577882 -1.0869856 1.5903587 2.8580074 0.70009774
1045 -0.025555905 -1.4264318 1.2475191 -1.567355 0.8531383
149 0.5546375 -2.0221577 -0.3190238 -1.3376656 0.685947
429 -0.28973746 -0.7343356 1.2047601 -1.1172395 2.5342104
1265 0.42552233 -1.988487 0.05414826 -1.585978 0.72283
1056 0.35292295 -1.9146631 0.2293103 -1.7818885 0.9503828
330 0.1677644 -0.7869557 0.037300084 -0.6996854 2.2183614
703 -0.286383 -1.5545765 -0.45848197 -0.6215856 0.74494237
674 -1.2021667 -1.093981 -0.80225 1.6318494 1.6161951
465 -0.2531416 -1.2080574 0.7496273 -0.078798555 0.063098215
57 -1.4631411 -1.0939201 -0.79364455 1.4693239 2.039451
713 -0.44420934 -1.1783869 -0.6811849 0.95437336 0.6435511
117 0.27467865 -0.73029464 1.5477439 1.9802332 1.0883085
226 -1.1566395 -1.827768 -1.8502907 1.0555233 1.3173846
208 0.51024646 -0.99634045 1.506103 2.4836988 0.66754335
586 1.0161006 -0.9691561 -1.0153416 1.4602039 1.6150326
971 -1.9670699 -1.0862005 1.641405 0.8230547 1.1868659
1233 -0.32222193 -1.3333473 0.47469178 0.8898634 -0.37160006
253 1.2598256 -1.957783 0.363195 0.30411598 -0.88437426
159 -0.13562271 -0.99205875 0.76830745 0.30061993 0.25676078
380 0.2869369 -0.47187573 1.9339228 -0.24793729 2.277991
592 0.28754175 -1.010114 1.4263016 2.9555244 0.97858673
787 -1.7518398 -1.8736812 -0.21358874 -0.65594715 0.6852587
758 -1.782468 -1.0148445 1.5950894 0.56049615 1.2471519
92 0.015606482 -2.4734404 -0.024159562 -1.1517997 -0.42846203
1004 -0.634807 -1.5632908 -1.577116 0.329009 1.537735
36 0.5452769 -1.9926336 -2.2468865 0.1180528 1.8966362
1130 -1.9352313 -1.5418761 1.8532805 -0.7639408 1.0470766
260 0.64693296 -1.7067941 -1.7352988 -0.009314907 1.6554565
205 0.5208136 -0.90742284 1.4081074 1.8921051 0.5382533
155 -0.72915345 -1.5205463 -1.0364048 0.27888846 0.76856077
613 -1.6496434 -2.2724972 -0.07563625 0.05833952 -0.54740226
1081 -0.57401586 -1.3616738 0.4965681 0.9270993 -0.35635358
209 1.377186 -1.9474996 1.1085994 -0.43291488 -0.6708134
3 -0.4829631 -1.4193836 0.55939186 0.80155504 -0.4740949
698 0.21991254 -0.7183704 2.008796 0.16349131 0.85459757
476 0.4403392 -0.5946255 -0.05107961 0.43132335 1.6473359
286 -1.3388884 -1.6349579 -1.4634434 0.23950349 1.8006496
908 1.0773941 -1.2046555 1.7127681 1.2065867 -0.23588696
181 -0.052772496 -1.9028169 -0.25957292 -0.36311084 -0.24403481
1005 -1.8144133 -1.3408796 1.6624306 -0.80950534 1.4510078
66 -0.0658759 -1.126555 -0.7615078 0.55268013 0.906182
619 0.9608876 -0.9638436 -1.001686 1.5325667 1.557226
150 -0.3150354 -0.987867 -0.26145503 1.0693475 0.57289934
940 0.1259822 -0.7591794 0.12186795 -0.7164581 2.2332826
172 0.65094066 -1.4084454 0.9018461 -0.051186886 -0.35624835
996 -2.1919613 -2.3999016 0.045243755 -0.25019908 -0.20789835
48 -0.22882296 -0.71547896 -0.13428065 0.19455847 1.606357
413 0.91985124 -1.4275556 0.17663036 -0.59177417 0.46535304
593 0.15582286 -1.796608 1.4885079 -1.5447724 0.18101175
74 -0.6911002 -2.3666308 -0.031415224 -0.9951666 -0.43012878
98 0.11116241 -0.8991126 1.0840714 3.1399703 1.4775481
1104 0.5282329 -0.80294603 0.0821394 -0.43424514 1.5985609
669 0.33328462 -0.97923064 1.328807 2.871446 0.98742324
61 0.2698213 -0.9384665 1.1424441 3.2951841 1.4593006
868 -1.6972756 -1.7781979 0.3439277 0.029098623 -0.015366885
4 -0.68437815 -1.3309948 0.74714285 1.0517509 -0.35597873
576 1.3769732 -1.5760422 0.20033336 -0.9022357 0.685014
397 -0.16012885 -1.0256394 0.529383 -0.95379096 1.2951914
936 1.0325055 -2.9259062 -0.72784543 -1.6471664 0.30796182
689 -0.42553693 -0.81678396 -0.26210994 0.116449535 1.5619193
545 -0.37266424 -1.2723137 -1.008562 0.468006 1.0383289
42 1.1376595 -1.9395076 -0.2626504 0.9390816 -0.80402064
72 -0.0908743 -0.6185785 0.68608665 0.5266583 1.082133
779 -2.14146 -1.2172595 1.8126193 0.6502426 1.1098948
89 0.43744904 -1.1905621 1.5846063 1.6520073 -0.1998848
428 1.8816887 -1.0590276 -0.723406 1.0403923 1.7386749
614 1.57444 -0.8085113 1.4035051 2.368304 1.3006889
927 -0.21045162 -0.5281771 1.267196 -0.2654973 1.9362189
70 -1.6842376 -0.8762531 1.5803813 0.3038874 1.7161427
1250 0.6975 -3.0239098 -0.6229832 -1.9229335 0.3495392
851 1.0393343 -1.4794543 0.8894641 0.027024463 -0.4265063
818 -1.5828253 -1.0942056 -0.6725734 1.3518994 1.9854275
249 1.691228 -0.82112426 1.1657742 2.0321484 1.0814234
769 0.1668291 -1.9932054 -2.1041887 0.48890394 1.1584005
906 0.19506457 -1.9588987 -2.0538478 0.539384 1.0866082
828 -0.09522456 -0.79005444 0.2824229 -0.86112964 2.309618
54 0.22328778 -1.0583448 -0.06826683 -1.1923391 2.2611918
370 -0.68540895 -0.7978127 -0.038970675 0.64664215 1.2480297
170 -0.28904274 -0.49606264 2.072325 0.24511118 1.9054592
1204 -0.72731483 -1.0573695 -0.4174182 -0.62768054 2.1199946
719 -2.1337047 -1.8818109 0.49201918 -0.48498788 0.47651178
799 -0.44359532 -1.0572368 0.5651711 0.30541202 0.28529978
834 0.48140088 -1.9373252 -1.9496565 0.62383974 0.90234697
333 -0.40192977 -0.9294251 0.6687797 0.4154469 0.45414653
602 1.4074478 -1.6470586 -0.2650101 1.0667856 -0.35635903
99 -1.3801187 -1.6563388 -1.5355544 0.30797026 1.90732
579 0.87418574 -0.89190817 0.09718001 0.38334993 0.75127625
364 -1.6526562 -1.4852598 0.1327821 0.09536844 0.5295365
951 -0.8078395 -1.4521668 0.5493937 0.8324875 -0.4176563
746 0.3379503 -1.1140994 1.5757931 2.985525 0.71721506
774 0.3622398 -1.7600935 -0.30507025 0.8780324 -0.6878814
18 -0.75980043 -1.4995532 0.62611794 0.9901056 -0.54709625
124 -2.1097953 -1.2078834 1.9368722 0.74143064 1.0953598
365 -1.4613357 -0.90855557 1.2587044 -0.5292645 2.0509057
533 0.43800727 -1.9794624 -1.97259 0.47376803 0.96384925
394 0.43968686 -1.9437232 -0.78515977 0.23925294 -0.30174324
855 -0.8902585 -1.6330999 -0.20325445 2.060047 -0.3173513
820 0.3830109 -0.57484984 1.7941233 -0.63892853 2.2505548
616 0.66501653 -1.5106918 0.7044143 -1.7723502 1.3454527
555 -0.9392169 -1.2222264 -0.60564816 1.2102561 0.59171337
350 0.7329583 -0.47162542 1.4364235 0.82683486 1.4507135
1055 -2.0512204 -1.6039419 1.8523302 -0.920004 1.1574025
932 0.71476233 -3.066687 -0.90521955 -1.5738897 0.14235178
183 -0.8722635 -1.7264072 -1.4657857 0.84914005 0.7308363
103 0.44293764 -1.2784004 -0.99345016 0.19443183 1.1081704
564 -1.2504064 -0.9296567 -0.66690785 1.5191512 2.1805043
694 -0.8068422 -0.78913367 -0.37659863 0.4210732 1.9368604
685 -0.63114417 -1.0390774 -0.34158468 0.24777034 0.9954991
610 2.5501661 -1.3070145 -0.6027075 0.42967176 2.0116706
1041 -0.45994776 -0.77078533 -0.096251324 -0.23989451 2.0134404
128 0.689445 -1.2567587 -0.3371899 -0.88566506 1.5456725
877 0.57167935 -1.1389143 0.5339189 0.19123422 0.08309041
91 0.29296303 -0.9413104 1.116288 3.3497958 1.5062393
451 1.4091482 -1.7145705 -0.33178267 0.9227635 -0.37274972
1043 0.23289573 -0.7165562 2.2268558 2.486647 1.684516
965 -0.41810286 -0.9581263 0.44345623 0.5558108 0.4331822
786 1.9060223 -2.2001483 1.1913335 -1.6535414 0.3813978
976 0.5498447 -0.54998165 -0.013548091 0.24897993 1.961298
1273 -0.6215653 -1.414992 0.6253705 1.0773392 -0.4837927
510 1.5028343 -1.1929604 -0.3021924 0.15817486 0.9095933
630 1.4725077 -1.6678442 -0.20273155 0.8088404 -0.3296069
712 0.36951107 -0.80783445 2.4657352 0.5105434 0.7173582
437 -1.5791432 -1.1600934 -0.88765883 1.338921 2.1990478
583 1.2508017 -1.6064769 -1.3230959 0.6070862 0.80564046
1105 0.44172674 -0.83279806 1.1219307 1.0288597 0.38107285
211 1.6486958 -2.74959 -0.88745236 -1.2991621 0.5321
1237 0.3654478 -2.1825325 -0.46988973 -1.4711198 0.7319219
642 0.34572655 -1.7602626 -0.8803207 0.4348845 -0.07043957
191 1.3678097 -0.83495826 -0.6443465 1.2497541 1.7898268
406 -0.9050295 -1.6602626 -0.54509145 0.0790562 0.21760826
1069 0.35113665 -2.1153657 -0.073160276 -1.8556284 0.98611504
829 0.900515 -1.3451471 -1.4248098 1.4661238 1.1106849
287 0.5911952 -2.164893 -2.4515572 0.15069355 1.925649
160 -1.9118794 -2.1604202 0.25225928 -0.43087375 -0.080553524
666 -0.15756561 -1.2185574 2.327326 0.3636821 -0.11392387
911 2.0545409 -2.243911 1.3224338 -1.439061 0.113827996
869 0.58155376 -1.614942 -1.5673699 0.80277663 0.8216535
621 -1.8991504 -1.7877777 0.6356164 -0.41268525 0.29148263
1026 -1.3549104 -1.0800269 1.0163243 -0.64624494 1.4933152
944 -0.77947116 -1.5673031 0.7376029 1.0606126 -0.68358934
525 -0.48365468 -1.3185374 0.88944626 0.5370351 -0.3419199
297 0.81989926 -0.79666835 1.5708133 2.6141238 1.4007673
1127 -2.0313878 -1.6809977 1.9435176 -1.017215 1.0504683
1249 -0.08882589 -1.1212196 -0.8858402 0.62880677 1.0408831
696 -0.6410761 -0.67495066 1.1300662 0.20354778 1.2605621
167 2.4702518 -1.6704407 -0.11856147 -0.5296655 1.0976886
972 -1.40335 -2.0465195 0.17461564 -0.22005971 -0.3965315
419 -1.1845808 -1.524348 -0.23443583 -0.45928532 0.76300055
1006 -1.5259856 -0.98671573 -0.59023595 1.1726654 2.3229487
151 -1.6761643 -1.5607169 0.19463757 -0.86067206 1.1600055
912 2.0065286 -2.1575081 1.2169505 -1.6592392 0.47144747
487 2.0275564 -2.2325475 1.2865292 -1.3648583 0.05919418
324 0.6256396 -0.43913385 -0.083601594 0.5352829 2.595751
461 1.8145962 -1.0294951 -0.8047432 1.3571358 1.991355
1020 -0.0021250572 -1.6766863 1.4500525 -1.4276092 0.2322261
460 -0.3818729 -1.432432 0.049014714 0.61594933 -0.2955654
688 0.3735535 -1.0243076 1.8428032 0.31188998 0.12682386
992 1.4072872 -1.9312382 1.1769471 -0.5462003 -0.5671452
440 1.6519616 -1.5331333 -0.49421483 -0.3451901 0.977202
331 0.042786367 -1.1094989 0.63150567 0.70156735 -0.07847125
418 0.66624635 -0.5079419 1.7221874 -0.46191803 2.2029676
892 0.7522949 -1.7626972 1.0474992 -0.11356228 -0.79524946
809 2.3356411 -2.1769516 -0.64699477 -0.73460144 0.8382076
27 1.9110461 -1.0765288 -0.802968 1.2872713 1.9039481
588 -0.06553976 -0.487922 1.8750795 -0.23220171 2.3382275
450 0.5791782 -0.49123138 -0.020787552 0.21593015 2.3881993
854 0.7836279 -0.7782997 0.7832136 0.30906555 0.66555196
416 0.6230059 -0.49684864 1.8484045 -0.46747562 2.4681184
550 0.66067547 -1.0718833 1.7529747 0.7103181 -0.063305385
899 1.566604 -1.4155673 0.33137187 -0.17085588 0.29784504
741 1.3836846 -0.70874655 1.874654 2.2556741 1.5737795
1057 -1.6942632 -1.1891353 1.6276565 -0.4880252 1.3707765
1031 -2.3481402 -1.9109974 0.7677051 -0.7492503 0.7821218
65 0.5114668 -0.5331945 1.3646681 0.79821557 1.2209449
196 0.7650141 -0.8583084 1.898091 -0.018614978 0.58911395
484 0.7535632 -1.7812017 -1.3545088 0.32651597 0.52255225
197 -0.6502972 -1.6932782 -1.4698406 0.09583837 1.2059914
529 0.5612145 -0.48682424 3.62591e-05 0.48211643 2.108406
1038 0.021360857 -1.7775888 1.6054978 -1.8296213 0.49894056
930 0.7083595 -1.4639987 0.12903751 0.7751362 -0.43883964
1010 -0.42421293 -0.8351994 0.10251926 -0.8276397 2.505052
518 -0.7338597 -1.2246785 0.45652905 0.6445411 0.019880738
432 -0.9717366 -1.1348373 1.7655443 0.23450284 0.27732712
991 0.33379427 -2.1306014 -0.5482428 -1.4224494 0.8146783
118 -0.47454292 -1.1483101 0.15451518 0.3372215 0.27605715
905 0.36544624 -1.2453377 0.17526646 -0.24405706 0.3536737
862 -0.6979389 -0.68746936 -0.23262164 0.6162244 1.9031181
993 0.25705764 -2.1899238 -0.30419406 -1.6513512 0.7761244
175 -0.69375765 -1.0437737 -0.028687414 -1.0021358 2.303099
1018 0.3819361 -3.1360142 -0.7142216 -2.0168176 0.36309683
44 0.50950134 -1.1100324 -0.8244591 0.078599036 1.3799757
727 0.401503 -1.3822175 1.2983855 3.4674554 0.37881112
499 0.95211303 -1.4178077 -1.4759086 1.5090153 1.014619
1117 0.27153885 -2.9822736 -0.41284984 -2.0484588 0.29487136
1077 0.7058884 -0.91970414 0.9597805 0.31251964 0.3098659
1076 -0.59318054 -1.4433104 0.51734936 1.1586428 -0.514481
152 0.28110257 -1.9218534 1.6078868 -1.0232868 -0.50632524
794 1.2938594 -2.1399155 -0.32368663 1.1198989 -0.99301964
244 -0.79009175 -1.2572206 1.9948308 0.076700255 0.033166565
745 -1.3059787 -2.0371966 -1.2467403 -0.6391791 1.1175084
335 -0.08476734 -2.634665 -0.64502984 -0.8698965 -0.42163217
1050 -0.7133633 -1.0342442 0.12230708 -1.1181395 2.4519665
730 -1.2373819 -0.97182965 1.1656181 0.49807522 0.77738214
383 0.6651312 -1.6928197 -2.0156696 0.008138553 2.6343913
1110 2.1130028 -1.6983991 -1.1157957 0.12585752 1.3370258
982 0.11668586 -2.209437 -0.9078038 -0.9382804 0.4873299
814 -0.100499704 -1.3732481 -0.64231944 0.26877433 0.44561374
563 0.7763247 -0.74385667 1.7943751 0.88658935 0.6927478
933 2.458307 -1.5173095 -0.6469768 0.2356883 1.4371017
810 0.4555463 -2.123056 -0.46958852 -1.6591263 1.150217
310 -1.3810973 -0.72938514 1.4310639 0.42975956 1.7362989
596 0.6776654 -1.2380015 -0.4018063 -0.88582337 1.6498029
590 0.14681666 -0.75821817 -0.101646386 0.032228064 1.453831
1103 -2.305801 -2.0881996 0.6129514 -0.20311902 0.0424554
123 -1.4095577 -1.2855005 1.5567473 -0.12107399 0.4614141
1214 0.13491532 -1.9083525 1.7220815 -1.8229411 0.27525
479 1.5288368 -1.3146173 -0.2540601 0.0035240913 0.7319382
1230 -0.41123238 -1.3734967 0.48482224 1.0602754 -0.42937574
100 -1.9141787 -1.0880753 1.674025 0.8828926 1.0653745
950 -0.7880201 -1.0467298 -0.0022129235 0.92428714 0.52667916
39 -0.11486901 -0.5198955 1.3033129 0.7509287 1.3429035
597 0.77227914 -1.242792 -0.39807168 -0.93599254 1.7523184
754 1.2914132 -1.5705649 0.13346945 -0.35898495 0.16076507
52 -1.0988744 -1.5001725 -1.4224563 1.0962919 1.3106762
463 2.470512 -1.4276668 -0.9793267 0.15756007 2.496145
1001 0.1368712 -1.9328517 -2.1145124 0.5808777 1.2632889
246 0.6359473 -0.51024145 0.0681392 0.10438088 2.3195593
71 -0.17809826 -1.0026721 -0.546776 -0.15660955 1.6015233
771 -2.4240103 -1.6887876 0.84248275 0.088931166 0.63806576
1051 -1.6485391 -1.136154 -0.6931435 1.7080011 2.1687632
494 0.42001134 -1.3522815 -0.545374 1.4529883 -0.04555992
120 -2.21871 -2.814843 -0.1766419 -0.10068706 -0.6403105
680 0.28227413 -1.4440544 -0.8762157 -0.36422426 1.1157416
1282 -0.66404164 -1.3462688 0.46775717 0.8989805 -0.2999616
1281 2.6725862 -1.3616209 -0.5625386 0.24964607 2.1536822
918 -0.77400446 -0.7476887 -0.14924432 0.56147784 1.6276681
50 0.24156636 -1.7060848 -0.6788681 -0.083070576 0.16172841
748 -0.44084367 -0.78360355 -0.30492625 0.279902 1.6201506
289 -1.1930046 -1.7596449 -1.3993746 1.1658596 0.6385877
192 1.5947105 -1.5695413 0.7914805 -0.6985919 0.25970718
307 1.8180729 -0.9890039 -0.66525424 1.0774889 1.8313023
1136 -2.3661788 -1.9049999 0.89358526 -0.6752883 0.6964367
557 0.43314886 -1.5295532 -1.4827625 -0.9189116 3.1313229
1067 0.26853958 -1.0407641 2.4584439 0.32230374 0.24290435
718 1.2764711 -0.9640144 2.4756987 -0.075465895 0.85683
492 0.83312285 -1.3251187 -0.53576756 1.3356671 0.055653516
1053 -0.1720342 -1.5540674 0.40240952 -1.5874704 1.1310363
926 -0.6404844 -0.8831968 0.9036786 -0.7816252 1.5576265
161 0.24285994 -1.0993057 2.4806697 0.3146185 0.18685372
1183 2.1519294 -2.254121 1.3571653 -1.6213276 0.34713477
570 0.5613728 -1.0888467 -0.2573617 -0.98314875 2.038711
270 -0.33010143 -2.8277066 -0.23099744 -1.137728 -0.6906162
107 0.4359814 -1.5959642 -1.5916207 -0.9147629 3.3059008
278 0.1693026 -0.9477607 2.827367 0.69264764 0.51307523
720 0.6889523 -0.5470136 0.5135256 0.40355465 1.3606654
797 0.24879174 -1.6859802 0.1887093 -0.44916567 -0.17344488
886 1.0785954 -2.0381694 1.5141004 -0.47765282 -0.8635981
374 0.019079247 -1.2665011 2.6198025 0.4688003 -0.11813686
33 0.13763729 -1.6482048 -0.29743323 -0.5855034 0.34917274
811 -0.84509194 -1.5845982 -0.14421847 2.0137925 -0.3046635
728 0.4565477 -0.53074 1.9305339 0.55801713 1.3498006
885 -2.3049247 -1.7426699 -0.15682527 0.6398279 0.6070051
1048 -0.72031516 -1.1128129 0.91447425 0.3235814 0.16825102
864 -2.1348796 -2.5688543 -0.46121302 -0.17313677 -0.2038957
15 -1.863904 -1.6517737 0.016227849 0.5868992 0.22595482
321 0.84785044 -1.5191288 -0.8102982 -0.30138978 0.92474204
978 0.54719454 -0.44293794 -0.099415794 0.77278763 2.4937534
353 0.38123438 -1.0038153 2.1323009 0.21031891 0.24910654
919 0.68992287 -0.44983256 -0.044015255 0.39957628 2.62308
535 0.70081747 -1.8840334 -2.262349 -0.09920957 2.9977512
436 0.10929254 -1.2260432 1.9882717 0.012759761 -0.15727219
721 0.58984786 -0.9368204 1.8216783 0.0080387145 0.3736808
520 0.84484696 -2.2231288 1.623251 -0.6054195 -1.0732623
1215 -0.1948755 -1.6854337 1.5171154 -1.8549708 0.7380554
1036 1.106813 -1.5258915 2.2980049 1.8070725 -0.5594821
737 0.9935696 -0.7936376 1.55419 2.4815228 1.3394554
214 1.8595486 -1.5407757 0.57295454 -0.44830513 0.30626327
711 0.0844225 -1.8008319 -0.92473197 0.83238196 -0.29430002
473 0.16422239 -1.0151967 1.0250545 1.2484485 0.010490886
808 0.4697812 -1.4617445 -1.1189076 -0.11372501 1.1617198
180 -2.0010552 -1.162835 1.5143185 0.6815682 1.0277902
184 0.66769385 -3.0509079 -0.41750783 -0.88920695 -0.96912956
102 -0.8428068 -1.6777071 0.10909258 0.6496024 -0.5473793
1163 1.7918698 -1.1709523 1.5968226 2.1037247 0.2748799
566 -0.9779412 -1.0012245 -0.64425254 1.5403082 1.5962214
511 -1.3705139 -1.5344344 -1.484779 2.2547548 1.7685503
775 1.0784392 -0.42417648 1.9913701 1.1924107 1.9430251
474 1.0955744 -2.7057061 -1.4073143 0.057487037 -0.37452602
785 0.72189504 -2.2316413 -2.5140936 0.039134365 2.087972
605 0.8876302 -1.9881043 -2.1072874 -0.06621999 1.9089113
291 1.0569906 -1.6833785 -0.35378703 0.8643275 -0.42349496
204 0.5148421 -2.8917263 -0.9003593 -1.4001005 0.1198393
1034 0.91164005 -1.5059899 2.2764668 1.6909308 -0.56844467
1131 -1.8703464 -1.208975 -0.725891 1.685193 2.333982
643 -0.41170484 -1.1350611 -0.7823196 0.48423794 1.0658085
546 -2.0377648 -1.739388 0.039414167 0.08272422 0.50192183
644 -1.314718 -2.0215402 -2.0064046 1.6173754 1.1106424
704 1.4854227 -2.1051912 1.4154296 -0.4856476 -0.8194029
726 -0.07024011 -0.6765602 -0.05945291 0.6665922 1.288251
1234 -0.85911685 -1.7752799 -0.44392455 2.3621588 -0.30890962
1003 -0.21444222 -0.8585421 -0.5180335 -0.16562054 2.0998256
880 -0.024285162 -1.157122 -0.8527726 0.75123394 0.83195
1154 -1.0479156 -1.8417847 -0.45878688 2.445481 -0.26142132
1247 0.7532752 -0.68247265 -0.16996932 -0.07621819 2.0483546
1140 2.0910785 -1.1548036 -1.0116179 1.3866392 2.5398862
452 2.5692427 -1.3230598 -0.4583248 0.043880597 2.1441476
541 -1.5826247 -1.8266292 -1.7909272 0.3284346 2.2066917
327 1.196755 -1.5631685 2.3601644 1.7715054 -0.5427492
770 0.75892395 -1.9875942 -2.4037235 -0.124632455 3.1040595
574 -0.23367968 -1.1172096 -0.7251627 0.3663699 1.0167352
945 0.3382835 -0.5416242 -0.032452576 0.5802172 1.7414868
998 0.6421646 -2.7586198 -1.4923266 -1.24838 0.7866014
627 0.6074211 -1.1278756 -0.31638947 -1.0241413 2.126891
874 -0.036852095 -0.70096344 -0.25396487 0.1870129 1.7418916
1078 -2.2018003 -2.9214141 -0.43003812 -0.070457295 -0.620113
1146 -2.2642605 -1.866328 2.084282 -1.1902126 1.131478
334 1.7156494 -0.9467115 -0.7737444 1.6544663 2.1215649
909 -0.57054704 -0.7575342 0.19243102 0.5200706 1.1401635
1143 -1.6734862 -0.96513367 1.5064994 -0.17591305 1.8101934
904 2.291221 -2.4208763 1.4419053 -1.5665679 0.11137823
902 2.3739095 -2.4965436 1.4913194 -1.6641623 0.21740022
351 0.5792784 -1.7912383 -1.0262387 0.60012484 -0.03608452
217 -0.46352872 -0.5023238 2.1260977 0.1037007 2.4402854
958 0.13923827 -0.6686613 0.62397474 0.34175256 0.9650645
35 -0.88557684 -0.5318054 1.9578989 0.28860968 2.4577153
75 -0.8569124 -0.61770916 1.8654104 0.37366715 1.6676366
1115 -0.12020934 -1.3981545 -0.9611891 0.56185114 0.54673964
279 1.9050382 -2.8592377 -1.0479206 -1.0843753 0.41944802
166 1.793111 -0.6649155 1.2858977 1.9265316 1.5311632
1052 -0.88921446 -1.1119096 0.17063819 -1.0693456 2.0759652
968 0.2352152 -0.62143517 -0.19510825 0.60565966 1.5612333
900 2.41242 -2.330679 1.4389384 -1.6655028 0.41645238
1027 0.37173152 -2.0888743 1.8118563 -1.272101 -0.5076594
467 -1.348353 -2.1488562 -2.1287825 1.9120692 1.0354505
1066 0.14975876 -0.753372 1.5666631 2.6690702 1.4990592
1218 -2.3286402 -2.8351119 -0.14933504 -0.053886898 -0.6249522
953 -1.0943447 -1.8380104 -1.768764 1.7582954 0.93220824
678 2.6119587 -1.5479561 -0.52023566 -0.18272726 1.7578319
392 -2.3820934 -2.004865 0.5092402 -0.4675109 0.5301407
457 0.55885285 -1.2045063 0.4013097 0.86189336 -0.22033751
835 0.87140554 -0.7508195 1.3095622 1.6440381 0.851862
354 1.0223057 -1.0881906 1.9639189 1.1560712 0.057655584
789 0.39048165 -0.69959253 1.4181373 0.9139671 0.74166983
292 -1.3044133 -2.018887 -1.9756035 0.16747658 1.8129092
267 -1.6219049 -1.07853 -0.6265429 1.8974562 2.219074
781 0.82703567 -2.387746 -2.6826959 -0.24310829 2.6364121
1064 1.6907103 -1.3880057 -0.9798459 0.81502414 0.9979304
1106 0.5101911 -1.1116612 1.4918365 2.0198731 0.14093174
1167 0.9280751 -0.36097413 0.23681796 0.82605016 2.3122742
1023 0.86948407 -0.9379412 -1.2048014 1.575929 2.2216804
990 -0.31996438 -0.9652743 -0.78962153 0.94987154 1.227326
489 1.4331731 -2.4318864 -1.1748686 -0.019908514 -0.16518064
925 1.4770948 -3.0447042 -0.9711828 -1.5128859 0.37474295
423 -0.1414707 -1.1797566 2.0498254 0.20705357 -0.07266511
1271 0.118305616 -1.3729568 -0.5182163 0.6965511 0.0980652
1263 0.98792523 -2.853814 -0.7815174 -1.6820203 0.5206558
1144 -2.2889552 -1.8248993 2.3882892 -1.0541126 1.1587827
581 1.2644135 -2.9685078 -0.98460937 -1.5952632 0.532916
898 2.3123708 -2.3727188 1.3871609 -1.8615556 0.536949
379 -1.4151883 -1.6405988 0.5489732 -0.31425825 0.119059846
1075 -0.58685416 -1.4044297 0.65371734 0.832146 -0.47206223
821 -0.32920396 -0.64682454 1.1981472 -0.86311394 2.5871356
686 2.7773988 -1.3695973 -0.4365443 0.056660324 2.2720735
599 -2.1765041 -2.8310103 -0.32072118 0.07471334 -0.7091932
1257 -1.5881748 -1.5295926 -0.03078409 -0.78666866 1.2413939
1039 -1.9315952 -1.1722995 -0.5839457 1.6809634 2.2365294
186 -0.28394625 -1.8048961 -0.3271008 0.8988507 -0.692434
1019 -1.1028728 -0.9160951 0.28904048 -0.05266156 1.4219649
831 1.3520129 -1.2559154 -1.3563051 1.6227313 1.5630863
687 1.2575588 -1.4752742 -0.018502071 1.0412427 -0.33659717
308 -0.7027632 -1.6765736 0.17726304 0.7756536 -0.6432075
853 0.54285586 -2.0820556 -2.1806574 0.48165104 1.1448065
710 -0.5748486 -1.6282583 -1.5002804 0.36352503 1.1265739
804 1.5910618 -2.5921886 -0.68754226 -1.2012775 0.38512307
1058 -0.35474554 -0.69810647 -0.13490732 -0.13851887 2.1872559
221 -0.52337646 -1.4797591 0.84435415 0.23711142 -0.46387094
1252 -1.1422565 -1.9538406 -1.8507451 0.09912826 1.6581861
430 2.7230496 -1.598418 -0.46748108 -0.29428357 1.8099676
795 1.5448934 -1.470673 0.2762487 -0.01380625 0.09520413
865 -0.32810095 -1.1579984 -0.11140966 0.6448571 0.26049712
977 1.5698769 -1.0192548 2.7567708 -0.1286911 1.089444
1088 -0.6986546 -1.0200709 0.25708857 0.8198277 0.4247049
1073 0.98382854 -1.6131506 -1.2701569 0.4600506 0.7214025
946 -1.0058357 -1.5151012 1.9960905 0.13433062 -0.32543996
941 0.5903281 -0.6248747 -0.6195122 0.71043396 2.1592424
1086 -2.4265223 -1.8257256 0.83766174 -0.52650434 0.8647289
1118 -0.34649843 -0.7109836 -0.24452382 0.042998586 2.0863397
134 -0.18636139 -3.0287108 -0.22182626 -1.0496061 -1.0353609
536 0.80863506 -0.45339817 -0.052430846 0.49577215 2.4884336
836 -1.199262 -2.0846043 -2.0469828 1.7940198 0.89600325
988 0.6295288 -0.46202677 -0.12287107 0.73126745 2.2996333
1253 -0.2347747 -1.7365079 -1.620982 0.19546126 1.0770236
1209 -0.5041647 -1.2536169 1.3914275 0.8732302 -0.36261237
26 0.20326254 -0.8483882 -0.10889074 0.54178274 0.87703496
813 -1.3240997 -1.561803 -1.5152216 2.1816537 1.6618152
1186 -0.17085318 -1.7293642 0.9436339 1.0697265 -1.0950452
907 1.0789454 -1.594842 2.4013712 1.6041552 -0.67862386
1211 0.64887404 -0.5416797 2.2007163 -0.5670831 2.8090394
176 -1.0613884 -0.7362475 -0.32489622 0.48401186 2.5398192
1029 -0.004660316 -0.84551466 2.4564443 -1.1557052 2.4036655
199 -0.035603225 -1.3414371 -0.10343184 0.45618743 -0.030832678
1198 0.61330634 -0.5299627 2.193654 -0.5868974 2.8468578
980 -0.28328586 -1.0385076 0.9035761 0.23269969 0.1826146
288 -1.1078604 -1.1557719 0.47573438 0.34483644 0.44260463
311 -0.16628303 -0.83835304 1.4756399 0.7703532 0.39286005
650 0.85043764 -1.8278793 0.030214382 0.9033378 -0.87974447
282 -0.7347932 -1.3818811 0.30563855 0.6332166 -0.20568809
486 -1.3770897 -1.7657721 2.3455117 0.1775147 -0.48740256
1190 0.00914292 -0.9893309 1.9694742 0.36164546 0.21019113
112 -2.030039 -2.6946938 -0.20797433 -0.22451256 -0.55645436
317 0.88709843 -1.5655773 -0.13916574 0.69885135 -0.38702655
1145 -2.1885848 -1.8049752 2.3288233 -1.154322 1.177422
757 2.1865523 -1.847528 -0.53857255 -0.3576034 0.8991239
1079 1.5988755 -1.5710177 0.2963233 0.0019936801 -0.059429727
1270 -1.3542473 -2.077998 -0.2881109 2.932485 -0.27427843
1008 -0.0467326 -1.1465781 -0.79029334 0.5338156 0.9089194
422 -2.210014 -1.8461901 0.064587906 -0.0756512 0.5842532
337 -0.6022612 -1.1682055 1.7584285 -0.07700521 0.21980076
1205 0.59148014 -0.7586469 0.40726802 0.1669654 0.89697975
634 1.6506319 -0.98440695 2.6748102 -0.11076621 1.1501071
1007 -1.7329782 -1.1796887 -0.64779323 1.9842297 2.085949
622 0.7748674 -0.55009156 -0.44854045 1.0324069 2.4521136
235 1.0844816 -2.2983043 -2.514057 -0.29128477 2.6372092
691 1.0821493 -1.0248026 1.365785 0.06547906 0.19445014
551 0.87959003 -1.3859904 -0.32360825 1.5017698 -0.16926542
1256 -1.7959008 -1.1919107 1.856231 0.56946766 0.7682663
111 -1.4107623 -1.1335018 1.2632949 0.32747644 0.634342
32 1.6518244 -2.2218587 1.5798671 -0.63462144 -0.8142999
934 1.2207892 -3.3516064 -1.1590282 -1.7402544 0.35101902
173 1.8484901 -2.3729818 -0.9847312 -0.7657665 0.6503436
1108 -0.25303563 -1.1238645 -0.013894943 0.39392707 0.36620975
1059 -2.0609992 -1.4584136 1.8802344 -0.75645876 1.4341536
1128 0.08232145 -0.8777358 2.7285097 -1.1341673 2.4449847
935 1.4580827 -3.065573 -1.1397542 -1.3556322 0.33731169
539 1.9392042 -1.3426999 -0.07103288 0.43143958 0.463015
684 2.0780175 -2.2516475 -0.24855918 -0.1037179 -0.30294326
1158 0.18959321 -1.3854102 0.5006911 0.030720463 -0.23746665
264 -1.7083253 -1.1485972 1.5403849 0.73084646 0.71540344
1094 -1.2266513 -1.2229614 -0.052370206 -1.1169688 2.3385227
1012 0.02523705 -0.759167 2.7149863 2.398317 1.6279525
1134 -2.214398 -1.7192777 2.0526476 -1.2455026 1.4989171
1264 1.5494386 -1.4875034 0.021745749 0.67575616 -0.13245296
1148 2.62661 -2.1136072 -0.6857805 -0.70838654 1.2884971
1126 -0.47403145 -1.2426145 0.4624612 -0.031829547 0.16426742
505 2.0882027 -1.0710633 1.2455618 2.3627672 0.7573575
222 -0.82620394 -0.52981627 2.014494 0.079850815 2.5243008
164 0.5379255 -0.56219333 2.0489619 0.5955118 1.3159101
848 1.7537998 -2.4762034 1.4695092 -0.5930781 -1.0375115
910 2.3234897 -2.2868443 1.2274792 -1.5185457 0.34059653
845 1.2000763 -2.304426 -0.34523472 1.2041594 -1.2062653
893 2.4089046 -2.3927188 1.4662884 -1.6143881 0.2734952
368 0.3928961 -1.4947307 2.50605 1.4176253 -0.5977239
665 0.60509944 -1.3632702 -0.805041 -0.013662373 0.8873301
1195 -2.31372 -1.3749311 1.883916 -0.63958514 1.9607047
1152 1.5578738 -1.027513 2.8208268 -0.16904622 1.0862956
857 1.2810963 -1.6785784 -0.46053058 0.5274126 -0.12006247
881 0.6046889 -1.3441743 -1.1397814 0.20125557 1.2153912
449 2.742459 -1.883676 -0.63065743 -0.298379 1.3629017
1111 2.4046638 -1.2225482 -0.011134618 -0.09140393 1.562443
766 1.0975887 -0.91117066 2.432869 -0.17543757 0.8924414
1137 -2.3335524 -1.8060719 2.3018389 -1.435534 1.801316
1138 0.984519 -0.41414508 2.210341 1.1762383 2.0569115
500 1.8474507 -1.1150134 1.1633996 2.3433585 0.5085498
731 -0.46878 -1.5967712 -1.8716742 1.0135546 1.5810792
1125 -1.7831806 -1.6069393 2.1971514 -0.88950336 0.8126325
1156 -0.1829572 -1.8019608 -1.4092464 -0.16710116 0.9035994
1132 -1.9951463 -1.105947 1.6297889 -0.26839063 1.91678
49 -1.1018598 -1.6709259 2.4085863 0.5655402 -0.5884409
1199 -0.17098257 -1.0475723 -0.6957961 0.10715154 1.3678514
849 1.265271 -2.237659 1.3375475 -0.32832193 -1.1099911
859 -1.1402135 -1.4278893 0.29960912 0.05152801 0.21404031
1251 -1.1393951 -2.0611844 -1.8502941 -0.0975047 1.4938239
1151 0.7072061 -1.4382688 -1.2407317 0.96418685 0.67552155
1123 -0.6177509 -0.98434407 0.7302462 0.084209085 0.5965137
1201 -2.2598336 -1.7702682 1.9922454 -0.94292617 1.0336794
872 0.41562825 -1.5051736 1.2282878 3.973302 0.49329177
1203 -0.596775 -1.474044 0.26644394 0.11457945 -0.18827729
705 -1.8108231 -2.133444 -0.103946164 -0.20953344 -0.084650666
1139 -2.158917 -2.3082612 0.3819655 -0.45161733 -0.12533483
1044 -0.44220412 -0.7928101 0.17107877 -0.54890347 1.9638122
615 0.7498999 -1.1519846 -0.5772012 1.4083352 0.3828441
1176 1.5308186 -2.7161062 -0.4639344 -1.5777899 0.43130273
1100 -1.6753888 -1.0267441 1.6561298 0.044172134 1.3964852
1244 0.8870953 -0.5418173 0.018749207 0.13521296 2.211675
840 0.27875435 -0.83386964 0.9576248 3.2851326 1.7339026
1160 0.80317307 -1.5373491 -1.6291839 1.483977 0.93475944
1098 -0.121671304 -1.4236091 2.5439456 0.24239488 -0.3487303
206 -1.2193903 -1.1477718 -0.9815089 2.2349706 2.0569878
1229 8.665695 -4.8768644 3.9277017 2.3915653 0.10297394
1228 8.730961 -4.9212155 3.9615166 2.3795745 0.07236783
1245 1.0526382 -0.71695715 -0.030970363 0.06662177 1.6550431
784 -0.08504139 -1.2135912 0.7853549 0.34193173 -0.16920187
660 -0.32780796 -1.7323335 1.0904737 -0.65904087 -0.435066
870 0.4383685 -1.0000252 0.020597838 0.3337153 0.53965724
116 -0.5111211 -0.4674643 2.3947418 0.3896983 2.5096633
220 -0.09839022 -0.9780816 0.85373324 3.4980578 1.5209255
178 -2.3616297 -2.8017287 0.14945492 0.06943482 -0.7712655
1171 1.8035097 -1.8640615 -0.37500903 1.4066617 -0.5161341
949 -0.07041625 -1.201149 -0.6288523 0.7487428 0.47683522
1141 -2.0049677 -1.2879105 -0.76536846 1.5977873 2.3434014
970 -1.0554239 -1.5690805 2.243591 0.38686687 -0.4678289
1099 -1.370154 -1.0773337 1.0804166 0.65612864 0.6054788
1095 2.233862 -1.218006 -0.65293515 0.3646949 2.0505934
142 0.70333594 -1.1550543 1.4639819 1.3163643 -0.15759565
64 -1.3234196 -2.4682329 -2.1446896 1.1128429 0.5239255
314 -0.28593996 -0.5189238 1.9020001 0.42917898 1.6751795
189 1.295638 -2.9973416 -0.8749888 -0.69030935 -0.5648737
1068 1.094822 -1.1643836 -0.23705828 -0.297472 1.0657967
604 0.59145194 -0.5097755 -0.24271986 0.67733896 1.943584
56 1.1122841 -1.5918498 -1.7944883 1.9768951 1.1722021
1240 0.52051365 -1.8811306 -1.5975916 0.64469326 0.43442073
1120 0.7434652 -2.0311909 -2.4608107 -0.17081271 3.3399081
359 -1.3311596 -1.6131617 -0.08639098 0.07737395 0.18147762
304 1.5053881 -1.8930788 0.83835727 -1.1737726 0.20349886
1040 -1.7491033 -2.2288737 -0.85338205 -1.3768111 1.5131459
860 -1.1480042 -1.8915752 -1.9214759 2.2345057 1.2877387
866 0.099927254 -0.5871253 -0.18257144 0.5787403 1.7172602
1164 -0.26128963 -1.55192 3.3164651 0.26965818 -0.16830677
438 0.2918591 -2.148862 -0.28499183 0.28500947 -0.94863975
575 0.2721039 -1.2152547 0.87708724 4.084123 1.3649075
817 2.2444766 -0.71042866 0.6080175 0.72654647 2.1098704
1074 -0.63276833 -2.0348058 -1.8081768 -0.15051073 1.2346718
1015 -0.1559402 -1.3778044 1.5142945 0.3196067 -0.5206005
1224 -1.1011665 -2.2027562 -0.40373105 3.0775096 -0.50225025
1102 1.9245787 -0.986662 2.480955 -0.16288292 1.2947707
1153 -1.180519 -2.3355508 -0.2924353 1.5856038 -1.1559298
826 -1.9510332 -0.91638064 1.62834 0.087547734 2.2743843
578 -1.0981426 -1.4157507 2.2153459 0.19459343 -0.09625494
1022 -0.40073887 -0.40599516 0.4466209 1.3218946 2.1731274
508 0.34785855 -2.3948197 2.1391897 -1.1406623 -0.902732
562 -2.6339922 -1.825252 -0.6244295 0.1535082 1.5840914
1191 -2.0555892 -1.3117529 -0.8273696 1.4816284 2.33469
1009 0.12933941 -1.1151627 -0.13849992 -1.407351 2.843423
408 0.55446655 -1.7383095 -1.3243232 0.48282546 0.42517725
585 0.0023610177 -1.2553424 0.03907503 0.16012795 0.15714593
414 -0.06290529 -1.7324766 -0.80034184 -0.110351756 0.23764151
306 -0.71899974 -1.424868 2.0941713 0.86820036 -0.48072794
832 0.29793942 -2.2153006 -1.9716038 -0.024946567 0.8774112
740 1.7697959 -1.0877057 2.9310336 -0.1260188 1.1438911
290 1.1864948 -1.07874 2.7927675 -0.19516425 0.6917662
1185 1.8487017 -1.1849709 -0.43159825 1.1229411 0.7876925
455 0.56471705 -2.3108842 2.0536375 -0.91880494 -0.9728213
989 -1.2285639 -1.0713631 -0.7666699 2.0646424 2.0033948
921 0.13710876 -1.1261706 1.5419527 2.7486742 0.49590498
1054 -0.039625544 -0.8920676 0.3412494 -0.86373156 1.8411003
87 -1.7804226 -0.9476318 1.1658317 -0.10147059 1.9349557
1114 0.024111087 -2.287245 -2.4225717 0.53258544 1.1512728
1213 0.3864809 -1.7167411 0.8672945 -0.13768804 -0.7454978
973 -0.19700775 -2.1322265 -0.5409987 -0.05942709 -0.56864303
1197 -2.3941634 -2.004274 2.5057738 -1.4635757 1.3765594
1219 -2.4974082 -3.045345 -0.1502672 0.12933515 -0.82104015
764 -1.993584 -1.7673255 0.40882766 0.069356404 0.21099404
986 -0.44244707 -1.9050349 0.95014334 0.90660274 -1.24553
744 1.6195223 -1.8592942 -0.35759714 1.3524641 -0.5851206
878 1.2856464 -2.144884 -0.8141524 -0.41998586 0.2790877
1155 -2.401819 -2.8081315 0.11100794 3.219658 -0.655736
1061 -1.1932257 -1.4510529 0.66242194 -0.5478222 0.4272182
714 0.44624728 -1.8720939 1.7810295 -0.80444086 -0.5664244
1109 1.2746392 -1.6423268 2.6477818 1.6732632 -0.65427566
1166 0.17066197 -1.5582697 -1.1503717 -0.30379203 1.1816007
837 -1.245572 -2.1327019 -1.99654 1.4377311 0.8251139
77 1.5993217 -0.98673207 2.9869297 -0.009475101 1.2594833
1135 1.1828232 -1.0489472 -1.276428 2.0489492 2.3340356
850 1.5821923 -2.326494 1.6161268 -0.17109707 -1.2224576
201 2.5993786 -1.9348208 -1.0234891 0.21874127 1.047036
1084 -0.347234 -1.3655665 0.5753946 0.8270174 -0.43701407
733 2.879288 -2.3005412 -1.0160617 -0.44702613 1.2650714
1157 0.60908794 -0.36238655 0.017246572 0.8715038 2.875599
255 -0.30720443 -0.556032 2.3800943 0.44693345 1.9410596
1223 -1.5663775 -2.3073916 -0.23926564 2.8733077 -0.5061712
915 2.3823936 -2.019195 0.85052836 -1.0734683 0.39612392
387 -2.4311402 -1.5494871 -0.325466 0.06510147 1.7674692
1170 0.7275436 -1.7597369 -1.1117833 0.62890464 0.102402076
1072 -1.6951371 -2.1967776 -0.14116275 -0.21634892 -0.1947572
608 0.8723647 -1.1749403 -0.044289272 -1.2330358 2.1576743
390 1.7583318 -1.8559628 -0.5995891 -0.45120525 0.6762614
1202 -2.2676144 -1.830797 2.2398648 -1.3215082 1.4217412
1083 3.2244804 -1.4535323 -0.5910469 0.38625365 3.00352
1116 2.0184658 -2.0120912 1.3368934 -1.6084696 0.608688
1236 2.268433 -2.3324423 1.2504586 -1.5509671 0.2887487
247 0.9647458 -2.6746664 1.8322357 -0.47442287 -1.559431
391 0.49849933 -1.2884477 2.8662937 0.80964255 -0.10057502
812 0.14903982 -0.45577642 0.79751974 0.6123141 1.4900491
1122 -1.8073905 -1.9496617 -1.9030938 0.2530323 2.4781852
1239 0.7429173 -1.8050861 -1.3106108 0.47435376 0.3430662
638 0.15290472 -0.49345416 0.8739282 0.6469917 1.3647003
1119 0.67239106 -1.0013463 -0.3019925 1.419749 0.47798675
975 -1.6126976 -2.1946845 0.019563789 2.1742928 -0.7512208
376 1.3721066 -1.6924326 -0.813779 0.48956406 0.22156553
1070 -1.3150177 -1.9069202 -0.5095896 -1.4350674 1.5606823
215 0.79817575 -2.5929267 -0.79593474 0.15064576 -0.95378524
1024 1.0312365 -0.91272634 -0.17803268 1.2929641 0.6946246
1196 -2.2539027 -1.2882944 1.6735531 -0.49007356 2.0145874
1049 -1.0825758 -1.3653996 -0.3586749 -1.0639042 2.063273
1133 -1.5004181 -2.2065456 -0.8955691 -1.331318 1.3939607
1097 0.6085612 -0.6903208 -0.2565765 0.9576786 1.2902402
1272 0.7485807 -1.204436 0.89751524 2.206619 -0.056184478
1016 -0.9586024 -1.0937303 0.06892877 -0.92349994 1.9993739
538 -0.699985 -0.97184724 -0.42323703 -0.069078535 1.6609122
1207 1.1165498 -1.345551 -0.61912614 -0.5651786 1.3752981
1002 -0.46319464 -0.6551088 0.075558886 0.39112672 1.5631887
830 -1.1684393 -1.6583782 -1.6861949 2.379912 1.5142386
979 -0.20051877 -1.6434479 2.4144964 0.48178855 -0.7268573
1047 -1.0456942 -1.4068556 -0.13874993 -1.3514338 2.0903475
858 -0.7617809 -1.6318196 0.6281047 1.0686694 -0.7491391
1269 -0.1409574 -1.1713821 3.449363 -1.4095546 2.4223857
1085 0.92134744 -0.48630357 1.4984385 1.8677441 1.8471274
122 2.3196993 -2.9513128 1.3803947 -1.3912904 -0.67570895
268 -1.6701837 -2.0585723 -1.9082161 0.19126466 1.9583832
1225 -1.4180071 -2.4844692 -0.35110804 3.5820196 -0.4551809
844 0.92745733 -2.2310066 -0.42547053 1.012222 -1.114492
82 -0.2781908 -1.1166335 2.1466143 1.4114065 0.034754686
1014 0.8082445 -1.047391 -0.15733652 -0.03631157 0.90794945
210 -1.0434549 -0.4916673 0.75567144 0.25151825 3.636074
194 1.029393 -1.580392 -0.89678866 0.25157005 0.47992834
1242 2.0353994 -1.6094488 0.29681858 0.09925444 0.03961827
347 -1.0337095 -1.9833103 -1.505616 1.3576903 0.16959105
1268 -0.091447145 -1.1663082 3.29472 -1.4921638 2.5950158
1189 -0.081999645 -1.2180296 3.5935285 -1.4521552 2.560182
802 2.8266182 -2.5149107 -0.8604307 -0.5369834 0.7313749
890 0.47421017 -2.1249716 -0.51913124 -0.6023937 -0.07463822
759 1.4751352 -1.1698061 0.8327078 -0.19101197 0.3536261
1241 -0.8606143 -2.184752 -1.7735428 0.20842007 0.6283755
469 2.3471243 -2.2526896 -0.060482968 -0.9529981 0.44558683
1013 -0.26650676 -1.7538013 -1.4879714 -0.023482403 1.0544122
963 0.25485143 -1.0235413 0.27764487 -0.26678485 0.69916797
158 2.3625798 -1.7134553 -0.5468501 -0.771297 1.7513883
577 0.30056894 -1.9079704 -1.2794163 0.33328345 0.16445906
1113 1.13727 -0.76032525 0.115809314 0.3096284 1.2237704
995 0.7594019 -1.3082899 -0.74229807 -0.4558405 1.4366544
1279 -1.9727476 -2.1712546 0.31437367 2.8030818 -0.36750665
560 0.6420425 -1.138559 -0.7334857 0.18865128 1.1499554
1262 1.0734515 -0.5533577 -0.0049634944 0.12336868 2.3083882
1028 1.1244148 -0.94891316 -0.4031569 0.18393376 1.2580723
846 -1.427062 -2.0343235 -1.8470808 0.12066237 1.6496837
966 1.2935206 -1.016572 -0.43598613 1.4893482 0.7482796
1032 -0.39867216 -3.0042048 -0.13693404 -2.2990775 0.31184268
1093 -1.5427276 -1.9569578 -0.10361594 0.16252746 -0.22132613
1091 -1.2666537 -1.47895 0.14155322 -0.7761995 0.9330363
735 -0.5123117 -2.678222 -1.5937413 -0.441532 -0.055897165
960 -0.2176482 -1.145132 0.78464067 0.65390235 -0.12160412
1212 0.27075186 -1.0734144 2.2108214 0.59748507 0.030340029
1261 -0.14333634 -0.86340684 -0.6183117 0.4592991 1.5769867
1284 -1.1470996 -1.0994102 0.07810684 -0.95854396 2.4508417
1254 0.37852052 -2.238845 -0.5969677 -1.7414849 1.1371174
695 -0.13615371 -1.5606012 3.8839357 0.5459925 0.053044546
1200 0.7612721 -1.899656 0.89853805 -2.4663258 1.6657177
1071 0.20633505 -2.9778905 -1.0256914 4.05496 -1.0114086
1173 1.8562201 -1.5320607 0.4915767 -0.457268 0.33898324
1283 -2.385203 -1.2042265 1.781863 -0.38263664 2.4795263
1238 1.1233244 -2.2426486 -0.17970012 -1.9520792 1.2223434
887 1.1595634 -1.076506 0.6069959 0.3227491 0.19675675
182 2.1946807 -2.9081404 -1.6867636 -0.22489612 0.29976112
645 -0.47044146 -0.9332425 0.60035896 0.6577008 0.38835314
442 0.47249085 -1.6162493 1.6769786 3.6690586 0.0007672887
882 0.29646692 -1.058934 -0.24172463 0.6726008 0.44079
1187 -0.61389965 -1.529363 -0.46079788 -0.6249848 0.8875269
1220 -0.5385093 -1.4114745 -0.45247987 0.98668736 -0.0022729803
1161 0.89067185 -0.85818887 0.42199433 0.0819521 0.7098422
1082 2.085872 -2.1627083 -1.8968444 0.6466427 1.0932728
1107 0.25957572 -1.3172746 1.4619018 3.0623183 0.24764138
981 -0.7891713 -2.423577 2.23166 1.2198738 -1.6788082
1096 0.48678744 -1.0618793 1.3234341 1.3610613 -0.062386423
677 -2.6231327 -1.9062322 -0.294744 0.75996494 0.71639043
1217 -0.47407866 -1.2310534 0.24927288 0.7760443 -0.057355095
231 1.314649 -0.7835658 0.12591265 1.0474026 0.97451305
358 0.7858825 -0.94224817 -0.37705138 1.2923219 0.777252
1184 1.4806665 -2.3231425 -1.1882628 -0.4572062 0.41798857
1089 1.5387324 -0.6886939 -0.05515561 0.54586667 1.7951074
280 -0.8791913 -0.7545452 -0.32584488 0.5919815 2.065546
1121 -0.68430406 -0.33823168 1.2191107 2.104046 3.3731472
534 2.3708436 -1.6676954 -0.32418388 0.16699615 0.64188766
1258 0.99431235 -0.9099776 -0.7705129 1.946846 1.3976947
1178 2.3884468 -1.7793257 -0.6081889 0.38937524 0.5903774
895 1.5576566 -2.305108 1.7741455 -0.44684422 -1.0299367
1124 -1.0157982 -0.73160505 -0.31999862 0.35515565 2.734571
549 -1.7587407 -2.4976957 0.30733868 -0.09956754 -0.8559961
381 0.80521077 -1.1093007 -0.9020401 1.2795924 0.90906125
93 -1.2485687 -1.9073106 0.20013833 0.11937103 -0.39553973
1 -2.482699 -2.276095 0.6066501 -0.48784932 0.124473
1227 0.30114114 -1.6847405 -0.8744646 0.91320556 -0.20013586
682 -0.06437823 -1.732539 -1.36627 0.98258525 0.21725608
1149 2.6361363 -1.3333942 -0.2149779 1.3452514 0.8590178
938 2.2878017 -3.5403838 -1.727518 -0.078320116 -0.41736355
861 0.18945199 -0.4843175 0.26640996 0.5173672 1.7322625
55 0.11289627 -1.8128209 -1.1458889 0.04169351 0.36005366
396 -1.0899875 -1.0610987 -0.8674331 2.0634272 1.9880786
1222 -0.10787092 -2.024676 -0.31655937 2.20443 -0.96074593
1025 -0.33293128 -0.489454 1.9118472 0.08180573 2.362089
565 1.2382661 -2.208525 -0.26637027 0.33865502 -0.890796
1177 2.3087854 -1.8784765 -0.8304193 -0.124457836 0.9699943
671 1.96468 -3.2784371 -1.2610136 -1.4804935 0.574397
1280 -2.3930209 -2.7022245 0.1493692 2.7865744 -0.76279116
985 -0.0725982 -3.412622 2.3624175 2.4993815 -2.7529988
931 1.6549413 -1.4947014 -0.9128669 -0.42192578 1.6452274
1216 0.32852075 -1.2236894 -0.12437115 -1.1425338 1.6941831
1030 -0.9841893 -0.9658288 1.9379011 -0.17140566 1.0284536
587 0.6471939 -3.3128917 -1.8512496 0.3064254 -0.9173786
1090 -0.64348805 -1.3432193 0.5447639 0.74246293 -0.28637746
1194 0.35440415 -0.68072945 3.1066623 2.6338325 2.2412448
298 -0.14739273 -3.3048224 -0.88925236 4.9431186 -0.9914818
768 0.4091311 -0.9018226 2.1119056 1.2934321 0.4692591
79 0.8296959 -1.156433 -0.8220765 -0.19025189 1.7265824
108 2.9909456 -1.0661095 0.0022938554 2.1432722 2.6204066
490 -0.052823603 -2.1842241 -0.5832412 -0.7697805 -0.027588096
67 -1.899371 -0.85722804 1.2623868 0.28572723 2.2501042
305 -0.65254545 -1.6571522 2.2036326 -0.36272538 -0.42122823
405 0.60894823 -0.89238864 0.33169925 0.43876168 0.4997572
245 -0.9279054 -1.2676505 0.86485744 0.09635173 0.085339114
648 1.589314 -0.71573955 -0.21693099 0.3724309 2.117994
1246 0.6980478 -0.54756737 -0.09539936 0.22174808 2.3260078
1092 1.6791213 -3.9169755 -1.961276 -0.0666201 -0.89944834
309 -1.1866064 -1.494031 0.542949 0.42528304 -0.18679677
1248 -0.6920032 -4.073044 2.5234258 2.4559383 -3.2875485
715 0.39218417 -2.6846535 -0.76067793 0.46133563 -1.3090982
153 -1.0341405 -1.2780302 0.8170438 0.30296278 0.03447917
1129 0.44584218 -0.86000544 2.837768 1.4831371 0.8871118
1080 1.036632 -1.3888685 -0.8721748 0.5579421 0.5819754
1017 -0.70923185 -0.8886547 -0.18029867 1.0428039 0.9570619
1260 -1.1793236 -0.39642406 1.8743675 2.8970106 6.0167947
512 0.13602413 -1.2789277 -0.82993233 0.9168982 0.4934713
135 0.47945997 -0.5945206 0.36328837 1.0469501 1.0805001
1042 -0.5029262 -0.6843682 1.5729511 -0.6098047 1.8412173
1193 1.9369556 -1.1871092 2.9679987 -0.1013683 0.9876149
1278 2.0684736 -1.9526521 -0.048243124 0.8346821 -0.5558665
1174 0.26255482 -0.63748693 -0.24323978 0.44753307 1.6679784
847 -1.9582975 -2.013278 -2.0539594 0.30711058 2.961764
875 0.80020297 -1.0229751 1.8828262 1.4747082 0.18292817
1210 -0.8749093 -1.6604323 0.17954072 -0.07089571 -0.2208473
1180 -1.9896895 -1.2847058 1.8953243 0.9110837 0.6236562
1065 -0.70834625 -0.9021596 0.20531698 -0.9273865 2.6367235
1159 0.87389845 -0.43119884 -0.0029712992 0.56546205 3.2586637
646 0.66031665 -1.4707906 -1.2591966 1.0100756 0.5767001
345 -0.13967903 -1.6812313 3.8312612 0.34929326 -0.119204484
115 0.8001099 -1.9667568 -1.7416188 1.504087 0.1426971
701 -0.6424434 -1.4083215 0.7301778 0.10715841 -0.24907862
1101 0.1823107 -0.7653676 -0.90162003 1.1122577 1.972963
1168 -0.9340806 -0.65459615 -0.1989733 0.7079735 2.479231
994 -1.4720585 -2.0375733 0.16153413 -0.13891949 -0.20046364
1221 -0.5429119 -3.166736 -0.39342424 -2.5149925 0.6144039
894 -1.9438306 -1.4581186 -0.43164155 0.859842 0.8100869
1259 -1.962329 -2.0314145 -1.9148492 0.20821771 2.4773483
883 -1.6858692 -2.1598651 0.2504668 -0.07302767 -0.48384568
889 1.7469583 -1.6829935 -0.47860506 0.022692833 0.40247598
1276 -1.597417 -2.8004682 0.18514465 2.0457892 -1.5544935
1087 -0.5364346 -1.2322712 0.21779245 0.6077531 0.02459964
366 -0.9901903 -0.58415616 3.1389906 0.86385113 2.9211254
377 1.2246325 -0.635304 1.6944964 0.4434519 1.1268828
1021 -1.4219527 -1.4617964 2.117107 -0.39325336 0.33187473
896 2.482684 -2.9544659 -0.63546455 -0.019632936 -0.67963564
1179 2.820929 -2.245032 -0.5170434 -0.5730257 0.860804
399 -0.22019288 -1.4012377 0.47510427 0.17929536 -0.28788915
273 0.025784213 -0.6718602 -0.24165496 0.021105958 2.1381655
1192 -1.5208036 -0.75149083 0.547127 -0.18649991 4.4337883
356 0.0131259225 -2.4856968 2.1586394 -1.2486129 -0.93449634
1232 -0.4322579 -1.194694 0.22064131 1.0008684 -0.047144003
1208 0.13751945 -1.4091958 3.3016868 -0.6096179 0.21679704
891 1.4767613 -1.7680546 -0.4472585 0.2989367 -0.03699295
1112 2.089046 -2.386846 -1.7843555 -0.08424628 0.99059546
517 -0.37693098 -1.2499247 1.6667258 -0.29732382 0.07103115
690 -0.81684613 -2.6587167 -1.9262552 0.7919432 -0.2688758
480 1.3900416 -1.285502 3.4243755 -0.26911706 0.7896713
1142 -0.19124135 -0.9208819 0.84030694 0.337512 0.34454378
448 -0.2394651 -2.5803976 -0.7186142 -0.051327016 -0.918962
219 0.9282745 -1.5973487 -0.6507849 0.66438 -0.038764983
923 -0.057673946 -0.74825484 1.3132906 3.4509168 2.2662246
723 1.4131563 -3.211309 -0.5928604 1.8569884 -1.9723421
1266 -1.3186687 -1.5979737 -1.460746 0.029525677 2.11824
96 0.71808887 -1.4068475 -0.6058776 0.920907 0.07252122
827 -0.4206463 -1.5773947 -0.42667583 0.49932045 -0.1596164
1169 0.33113137 -0.5082353 -0.15297197 0.52601385 2.0684164
1175 -2.846501 -3.2220423 0.55338055 0.119401895 -1.0535747
1150 0.12780547 -0.7376586 0.40685835 0.96338 0.74180555
984 2.4629197 -1.9032587 -0.5482614 0.23547828 0.47469413
732 -0.13427141 -1.064143 0.8682107 0.49094197 0.08943814
145 1.7894763 -3.7636 -0.86968863 -1.0382777 -0.93883336
962 -2.8756678 -1.496712 2.6913755 0.8888421 1.4094366
69 1.8922452 -0.5101759 0.73214555 0.86912817 2.09373
84 -2.5820973 -1.7960935 -0.3163593 -0.5661213 2.0057712
526 1.3860747 -0.7263196 0.9719867 -0.071652696 1.0336167
824 0.046204306 -1.1940212 0.27025452 -1.1895092 1.3955837
876 1.7211946 -1.1608434 -0.58558935 1.7100542 0.89874303
163 -1.982703 -1.4307702 3.3401406 0.9048738 0.6187103
947 -1.0528843 -1.1112306 0.066669 1.0924311 0.50433946
739 -4.9279895 -2.9669094 1.2624209 0.8114895 0.96170616
987 0.117287084 -1.5471876 -1.471257 0.19037 1.1722778
1172 -0.5608408 -2.5722735 -0.0030315642 0.468206 -1.5419369
1165 0.78914124 -0.8146918 -0.83155304 0.880314 1.9466461
1267 -0.89786154 -1.832727 -0.28959128 0.836896 -0.579824
441 -0.23396038 -1.034241 2.4015188 0.5709181 0.19590291
343 2.1615174 -0.716852 0.33180484 1.710134 3.0640824
540 0.2372961 -2.2604187 -0.2510941 -1.2057189 0.08004747
1181 -1.071663 -1.561509 0.00014080478 0.53349876 -0.16180854
929 0.28591815 -1.1277803 -0.33818486 0.57927084 0.4455755
942 -0.4845867 -1.7243402 2.3295176 2.8147435 -0.65723395
999 2.4821012 -4.2705107 -2.437112 0.5651093 -0.73071885
105 -1.8156089 -1.7125854 0.8274949 0.14101933 -0.088192545
238 0.26880842 -1.8919039 1.9619397 3.0058353 -0.9034567
262 -0.9526998 -1.2519331 1.1842167 -0.03436715 0.07709265
591 -2.8457758 -2.4371254 0.6754715 -0.5678494 0.3133619
1011 -0.3694518 -0.95461774 -0.72634804 0.22734739 1.6825546
1046 -0.5669975 -0.9219297 4.1037073 2.8478062 2.1546466
1255 0.8294695 -1.1094669 2.8569415 -0.3667622 0.6515819
879 0.53722197 -1.949907 -0.83397835 1.528189 -0.69108397
833 -0.76161045 -1.29803 0.23491926 1.3262596 -0.17835425
2 -0.5492229 -1.6296651 2.1608324 2.628115 -0.6032927
609 -1.3760258 -0.8527089 1.5465424 0.7155066 1.1871365
729 -1.7742612 -1.1652626 2.2248335 0.1925739 1.0839525
1182 1.2643481 -1.9313943 0.9511957 0.42582884 -1.0540859
