0.0,0.0
0.010101010101010102,0.5058683473389356
0.020202020202020204,0.6368627450980393
0.030303030303030304,0.6946078431372549
0.04040404040404041,0.7229271708683473
0.05050505050505051,0.7712885154061624
0.06060606060606061,0.7984033613445376
0.07070707070707072,0.816064425770308
0.08080808080808081,0.8290476190476189
0.09090909090909091,0.8431792717086835
0.10101010101010102,0.8656022408963585
0.11111111111111112,0.8750280112044818
0.12121212121212122,0.8856302521008406
0.13131313131313133,0.8915686274509806
0.14141414141414144,0.8986274509803923
0.15151515151515152,0.9057002801120448
0.16161616161616163,0.9127591036414566
0.17171717171717174,0.9163025210084033
0.18181818181818182,0.9221848739495797
0.19191919191919193,0.923375350140056
0.20202020202020204,0.9304621848739496
0.21212121212121213,0.936344537815126
0.22222222222222224,0.9410644257703081
0.23232323232323235,0.9434313725490198
0.24242424242424243,0.9446218487394958
0.25252525252525254,0.9469747899159664
0.26262626262626265,0.9481512605042017
0.27272727272727276,0.949327731092437
0.2828282828282829,0.9552240896358544
0.29292929292929293,0.9587675070028012
0.30303030303030304,0.9599439775910366
0.31313131313131315,0.9611204481792719
0.32323232323232326,0.9634733893557424
0.33333333333333337,0.9646638655462185
0.3434343434343435,0.9658403361344539
0.3535353535353536,0.9693697478991596
0.36363636363636365,0.9717366946778713
0.37373737373737376,0.9717366946778713
0.38383838383838387,0.9729131652661065
0.393939393939394,0.9729131652661065
0.4040404040404041,0.9740896358543418
0.4141414141414142,0.9752661064425772
0.42424242424242425,0.9787955182072829
0.43434343434343436,0.9799719887955183
0.4444444444444445,0.9799719887955183
0.4545454545454546,0.9799719887955183
0.4646464646464647,0.9811484593837536
0.4747474747474748,0.9835014005602242
0.48484848484848486,0.9835014005602242
0.494949494949495,0.9835014005602242
0.5050505050505051,0.9858543417366947
0.5151515151515152,0.9858543417366947
0.5252525252525253,0.9858543417366947
0.5353535353535354,0.9858543417366947
0.5454545454545455,0.9858543417366947
0.5555555555555556,0.9882072829131653
0.5656565656565657,0.9882072829131653
0.5757575757575758,0.9882072829131653
0.5858585858585859,0.9882072829131653
0.595959595959596,0.9882072829131653
0.6060606060606061,0.9882072829131653
0.6161616161616162,0.9882072829131653
0.6262626262626263,0.9905602240896358
0.6363636363636365,0.9917366946778712
0.6464646464646465,0.9929271708683473
0.6565656565656566,0.9941036414565826
0.6666666666666667,0.9964705882352941
0.6767676767676768,0.9964705882352941
0.686868686868687,0.9976470588235294
0.696969696969697,0.9976470588235294
0.7070707070707072,0.9976470588235294
0.7171717171717172,0.9976470588235294
0.7272727272727273,0.9976470588235294
0.7373737373737375,0.9976470588235294
0.7474747474747475,0.9976470588235294
0.7575757575757577,0.9976470588235294
0.7676767676767677,0.9976470588235294
0.7777777777777778,0.9976470588235294
0.787878787878788,0.9988235294117647
0.797979797979798,1.0
0.8080808080808082,1.0
0.8181818181818182,1.0
0.8282828282828284,1.0
0.8383838383838385,1.0
0.8484848484848485,1.0
0.8585858585858587,1.0
0.8686868686868687,1.0
0.8787878787878789,1.0
0.888888888888889,1.0
0.8989898989898991,1.0
0.9090909090909092,1.0
0.9191919191919192,1.0
0.9292929292929294,1.0
0.9393939393939394,1.0
0.9494949494949496,1.0
0.9595959595959597,1.0
0.9696969696969697,1.0
0.9797979797979799,1.0
0.98989898989899,1.0
1.0,1.0
