0.0,0.0
0.010101010101010102,0.43890756302521006
0.020202020202020204,0.5837535014005601
0.030303030303030304,0.6615966386554624
0.04040404040404041,0.6840056022408965
0.05050505050505051,0.7110784313725491
0.06060606060606061,0.742983193277311
0.07070707070707072,0.7665686274509803
0.08080808080808081,0.7795378151260504
0.09090909090909091,0.8031652661064428
0.10101010101010102,0.8137535014005604
0.11111111111111112,0.8208123249299721
0.12121212121212122,0.8361484593837535
0.13131313131313133,0.838515406162465
0.14141414141414144,0.8455742296918768
0.15151515151515152,0.8491036414565827
0.16161616161616163,0.8573529411764707
0.17171717171717174,0.8644397759103641
0.18181818181818182,0.8762464985994398
0.19191919191919193,0.8797899159663866
0.20202020202020204,0.8821568627450981
0.21212121212121213,0.8845378151260505
0.22222222222222224,0.8951400560224089
0.23232323232323235,0.8998599439775908
0.24242424242424243,0.8998599439775908
0.25252525252525254,0.9022128851540614
0.26262626262626265,0.9057563025210082
0.27272727272727276,0.9092857142857141
0.2828282828282829,0.9151680672268908
0.29292929292929293,0.9175210084033614
0.30303030303030304,0.9210504201680673
0.31313131313131315,0.9257703081232492
0.32323232323232326,0.9292997198879551
0.33333333333333337,0.932843137254902
0.3434343434343435,0.9340196078431372
0.3535353535353536,0.9351960784313725
0.36363636363636365,0.9375490196078431
0.37373737373737376,0.9399159663865546
0.38383838383838387,0.9399159663865546
0.393939393939394,0.9422689075630253
0.4040404040404041,0.9446218487394958
0.4141414141414142,0.9457983193277311
0.42424242424242425,0.9481512605042017
0.43434343434343436,0.9516946778711486
0.4444444444444445,0.9516946778711486
0.4545454545454546,0.9552240896358544
0.4646464646464647,0.9587535014005603
0.4747474747474748,0.9611064425770308
0.48484848484848486,0.962296918767507
0.494949494949495,0.962296918767507
0.5050505050505051,0.9634733893557422
0.5151515151515152,0.9634733893557422
0.5252525252525253,0.9658403361344539
0.5353535353535354,0.9658403361344539
0.5454545454545455,0.9681932773109244
0.5555555555555556,0.9693697478991596
0.5656565656565657,0.9693697478991596
0.5757575757575758,0.9693697478991596
0.5858585858585859,0.9693697478991596
0.595959595959596,0.9717226890756303
0.6060606060606061,0.9717226890756303
0.6161616161616162,0.9728991596638655
0.6262626262626263,0.9728991596638655
0.6363636363636365,0.9752521008403361
0.6464646464646465,0.9764285714285714
0.6565656565656566,0.9764285714285714
0.6666666666666667,0.9776190476190477
0.6767676767676768,0.9787955182072829
0.686868686868687,0.9787955182072829
0.696969696969697,0.9799859943977591
0.7070707070707072,0.9799859943977591
0.7171717171717172,0.9799859943977591
0.7272727272727273,0.9799859943977591
0.7373737373737375,0.9823389355742297
0.7474747474747475,0.9823389355742297
0.7575757575757577,0.9823389355742297
0.7676767676767677,0.983529411764706
0.7777777777777778,0.9841830065359478
0.787878787878788,0.9858823529411765
0.797979797979798,0.9858823529411765
0.8080808080808082,0.9858823529411765
0.8181818181818182,0.9858823529411765
0.8282828282828284,0.9868888888888889
0.8383838383838385,0.9881045751633988
0.8484848484848485,0.9888888888888889
0.8585858585858587,0.9905882352941177
0.8686868686868687,0.992962962962963
0.8787878787878789,0.99359477124183
0.888888888888889,0.9941176470588236
0.8989898989898991,0.9952941176470589
0.9090909090909092,0.9952941176470589
0.9191919191919192,0.9964705882352941
0.9292929292929294,0.9964705882352941
0.9393939393939394,0.9967320261437909
0.9494949494949496,0.9976470588235294
0.9595959595959597,0.9977404295051354
0.9696969696969697,0.9980504201680672
0.9797979797979799,0.9987002801120448
0.98989898989899,0.9993501400560223
1.0,1.0
