0.0,0.0
0.010101010101010102,0.21106442577030818
0.020202020202020204,0.3064425770308123
0.030303030303030304,0.3548459383753501
0.04040404040404041,0.39499999999999996
0.05050505050505051,0.43389355742296914
0.06060606060606061,0.4739915966386555
0.07070707070707072,0.49869747899159655
0.08080808080808081,0.5294117647058824
0.09090909090909091,0.565952380952381
0.10101010101010102,0.5848459383753501
0.11111111111111112,0.6049299719887956
0.12121212121212122,0.6155322128851541
0.13131313131313133,0.6344677871148459
0.14141414141414144,0.6450700280112044
0.15151515151515152,0.6662745098039217
0.16161616161616163,0.6757563025210085
0.17171717171717174,0.6899299719887956
0.18181818181818182,0.6981652661064427
0.19191919191919193,0.7099579831932774
0.20202020202020204,0.7182212885154062
0.21212121212121213,0.7406582633053221
0.22222222222222224,0.7430112044817927
0.23232323232323235,0.7559523809523809
0.24242424242424243,0.7642016806722689
0.25252525252525254,0.7807422969187675
0.26262626262626265,0.7901680672268907
0.27272727272727276,0.7984173669467787
0.2828282828282829,0.8042997198879552
0.29292929292929293,0.8054761904761906
0.30303030303030304,0.811358543417367
0.31313131313131315,0.8148879551820729
0.32323232323232326,0.8184313725490195
0.33333333333333337,0.8207983193277311
0.3434343434343435,0.8243417366946778
0.3535353535353536,0.8278711484593837
0.36363636363636365,0.8325770308123248
0.37373737373737376,0.8325770308123248
0.38383838383838387,0.8337675070028011
0.393939393939394,0.8396498599439776
0.4040404040404041,0.8431932773109244
0.4141414141414142,0.8479271708683473
0.42424242424242425,0.8526750700280112
0.43434343434343436,0.8573949579831932
0.4444444444444445,0.8573949579831932
0.4545454545454546,0.8632773109243697
0.4646464646464647,0.8668067226890755
0.4747474747474748,0.8679971988795518
0.48484848484848486,0.872717086834734
0.494949494949495,0.8750840336134453
0.5050505050505051,0.880966386554622
0.5151515151515152,0.8833333333333335
0.5252525252525253,0.8856862745098042
0.5353535353535354,0.8892296918767508
0.5454545454545455,0.8951260504201682
0.5555555555555556,0.9010224089635855
0.5656565656565657,0.9057563025210085
0.5757575757575758,0.908109243697479
0.5858585858585859,0.9104621848739496
0.595959595959596,0.9139915966386555
0.6060606060606061,0.9151680672268908
0.6161616161616162,0.9198879551820728
0.6262626262626263,0.9234173669467787
0.6363636363636365,0.9234173669467787
0.6464646464646465,0.9257703081232492
0.6565656565656566,0.9292997198879551
0.6666666666666667,0.9328291316526609
0.6767676767676768,0.9340056022408962
0.686868686868687,0.9375350140056021
0.696969696969697,0.9387114845938374
0.7070707070707072,0.9422549019607842
0.7171717171717172,0.9457843137254901
0.7272727272727273,0.9457843137254901
0.7373737373737375,0.9469747899159664
0.7474747474747475,0.9469747899159664
0.7575757575757577,0.9493417366946778
0.7676767676767677,0.9516946778711484
0.7777777777777778,0.9528711484593837
0.787878787878788,0.9552240896358543
0.797979797979798,0.9587675070028011
0.8080808080808082,0.962296918767507
0.8181818181818182,0.9670168067226891
0.8282828282828284,0.9681932773109244
0.8383838383838385,0.9681932773109244
0.8484848484848485,0.970546218487395
0.8585858585858587,0.9740756302521009
0.8686868686868687,0.9776050420168068
0.8787878787878789,0.9799579831932773
0.888888888888889,0.9811344537815125
0.8989898989898991,0.9823249299719888
0.9090909090909092,0.9823249299719888
0.9191919191919192,0.9835014005602242
0.9292929292929294,0.9846778711484594
0.9393939393939394,0.9882212885154061
0.9494949494949496,0.991750700280112
0.9595959595959597,0.9941036414565826
0.9696969696969697,0.9952801120448178
0.9797979797979799,0.9964565826330531
0.98989898989899,0.9988235294117647
1.0,1.0
