0.0,0.0
0.010101010101010102,0.531890756302521
0.020202020202020204,0.6096638655462183
0.030303030303030304,0.6791456582633053
0.04040404040404041,0.7240336134453782
0.05050505050505051,0.7546638655462186
0.06060606060606061,0.7841176470588236
0.07070707070707072,0.8042156862745099
0.08080808080808081,0.8148319327731093
0.09090909090909091,0.8277871148459383
0.10101010101010102,0.8372408963585434
0.11111111111111112,0.8466806722689075
0.12121212121212122,0.8584593837535014
0.13131313131313133,0.8714425770308122
0.14141414141414144,0.8867647058823529
0.15151515151515152,0.8914845938375351
0.16161616161616163,0.9020728291316527
0.17171717171717174,0.9044257703081232
0.18181818181818182,0.912689075630252
0.19191919191919193,0.9150560224089637
0.20202020202020204,0.9256582633053222
0.21212121212121213,0.9291876750700281
0.22222222222222224,0.9350840336134454
0.23232323232323235,0.9362745098039216
0.24242424242424243,0.9386274509803922
0.25252525252525254,0.9398039215686275
0.26262626262626265,0.9398039215686275
0.27272727272727276,0.942156862745098
0.2828282828282829,0.9445238095238097
0.29292929292929293,0.9480532212885155
0.30303030303030304,0.9527731092436975
0.31313131313131315,0.9563025210084033
0.32323232323232326,0.9622408963585436
0.33333333333333337,0.9669467787114847
0.3434343434343435,0.96812324929972
0.3535353535353536,0.9704761904761906
0.36363636363636365,0.972843137254902
0.37373737373737376,0.9740196078431372
0.38383838383838387,0.9763865546218489
0.393939393939394,0.9775630252100841
0.4040404040404041,0.9775630252100841
0.4141414141414142,0.9775630252100841
0.42424242424242425,0.9775630252100841
0.43434343434343436,0.9775630252100841
0.4444444444444445,0.9775630252100841
0.4545454545454546,0.9799299719887955
0.4646464646464647,0.9799299719887955
0.4747474747474748,0.9799299719887955
0.48484848484848486,0.9799299719887955
0.494949494949495,0.9799299719887955
0.5050505050505051,0.9811064425770308
0.5151515151515152,0.9811064425770308
0.5252525252525253,0.9822829131652661
0.5353535353535354,0.9822829131652661
0.5454545454545455,0.9822829131652661
0.5555555555555556,0.9822829131652661
0.5656565656565657,0.9846638655462184
0.5757575757575758,0.9858403361344538
0.5858585858585859,0.9858403361344538
0.595959595959596,0.9858403361344538
0.6060606060606061,0.9858403361344538
0.6161616161616162,0.9858403361344538
0.6262626262626263,0.987016806722689
0.6363636363636365,0.987016806722689
0.6464646464646465,0.9881932773109243
0.6565656565656566,0.9881932773109243
0.6666666666666667,0.9905602240896357
0.6767676767676768,0.991736694677871
0.686868686868687,0.991736694677871
0.696969696969697,0.991736694677871
0.7070707070707072,0.991736694677871
0.7171717171717172,0.991736694677871
0.7272727272727273,0.991736694677871
0.7373737373737375,0.991736694677871
0.7474747474747475,0.9929131652661063
0.7575757575757577,0.9929131652661063
0.7676767676767677,0.9929131652661063
0.7777777777777778,0.9929131652661063
0.787878787878788,0.9929131652661063
0.797979797979798,0.9929131652661063
0.8080808080808082,0.9941036414565826
0.8181818181818182,0.9943442831678126
0.8282828282828284,0.9952801120448178
0.8383838383838385,0.9961297852474325
0.8484848484848485,0.9964565826330531
0.8585858585858587,0.9964565826330531
0.8686868686868687,0.9964565826330531
0.8787878787878789,0.9964565826330531
0.888888888888889,0.9964565826330531
0.8989898989898991,0.9964565826330531
0.9090909090909092,0.9964565826330531
0.9191919191919192,0.9965499533146591
0.9292929292929294,0.9966853408029879
0.9393939393939394,0.9968207282913166
0.9494949494949496,0.9981325863678805
0.9595959595959597,0.998267973856209
0.9696969696969697,0.9984430438842203
0.9797979797979799,0.9989620292561469
0.98989898989899,0.9994810146280735
1.0,1.0
