0.0,0.0
0.010101010101010102,0.38938375350140053
0.020202020202020204,0.5037114845938375
0.030303030303030304,0.5307703081232493
0.04040404040404041,0.6192717086834734
0.05050505050505051,0.6758403361344538
0.06060606060606061,0.6852521008403362
0.07070707070707072,0.7100000000000001
0.08080808080808081,0.7241456582633055
0.09090909090909091,0.7371288515406162
0.10101010101010102,0.7606862745098039
0.11111111111111112,0.7748039215686273
0.12121212121212122,0.798487394957983
0.13131313131313133,0.7996638655462183
0.14141414141414144,0.8161484593837534
0.15151515151515152,0.8232072829131651
0.16161616161616163,0.8302801120448178
0.17171717171717174,0.8385434173669466
0.18181818181818182,0.8456022408963584
0.19191919191919193,0.8538515406162464
0.20202020202020204,0.8597478991596639
0.21212121212121213,0.8656302521008403
0.22222222222222224,0.8727030812324928
0.23232323232323235,0.8774089635854342
0.24242424242424243,0.8809383753501401
0.25252525252525254,0.8880252100840336
0.26262626262626265,0.8892016806722689
0.27272727272727276,0.8927450980392158
0.2828282828282829,0.8986274509803923
0.29292929292929293,0.9021568627450982
0.30303030303030304,0.9104061624649861
0.31313131313131315,0.9127591036414566
0.32323232323232326,0.9209943977591036
0.33333333333333337,0.931610644257703
0.3434343434343435,0.9327871148459383
0.3535353535353536,0.9398879551820727
0.36363636363636365,0.9422689075630251
0.37373737373737376,0.9469747899159664
0.38383838383838387,0.9505042016806723
0.393939393939394,0.9505042016806723
0.4040404040404041,0.9552100840336134
0.4141414141414142,0.9563865546218487
0.42424242424242425,0.957563025210084
0.43434343434343436,0.9587535014005603
0.4444444444444445,0.9587535014005603
0.4545454545454546,0.9611064425770308
0.4646464646464647,0.962296918767507
0.4747474747474748,0.9634733893557422
0.48484848484848486,0.9670028011204481
0.494949494949495,0.9681792717086835
0.5050505050505051,0.9681792717086835
0.5151515151515152,0.9681792717086835
0.5252525252525253,0.9693557422969187
0.5353535353535354,0.9717226890756303
0.5454545454545455,0.9717226890756303
0.5555555555555556,0.9717226890756303
0.5656565656565657,0.9728991596638655
0.5757575757575758,0.9752521008403361
0.5858585858585859,0.9752521008403361
0.595959595959596,0.9764285714285714
0.6060606060606061,0.9787955182072829
0.6161616161616162,0.9787955182072829
0.6262626262626263,0.9799859943977591
0.6363636363636365,0.9799859943977591
0.6464646464646465,0.9799859943977591
0.6565656565656566,0.9811624649859944
0.6666666666666667,0.9847058823529412
0.6767676767676768,0.9847058823529412
0.686868686868687,0.9858823529411765
0.696969696969697,0.9858823529411765
0.7070707070707072,0.9870588235294118
0.7171717171717172,0.9870588235294118
0.7272727272727273,0.9870588235294118
0.7373737373737375,0.9870588235294118
0.7474747474747475,0.9894117647058824
0.7575757575757577,0.9894117647058824
0.7676767676767677,0.9905882352941177
0.7777777777777778,0.9905882352941177
0.787878787878788,0.991764705882353
0.797979797979798,0.991764705882353
0.8080808080808082,0.9929411764705882
0.8181818181818182,0.9941176470588236
0.8282828282828284,0.9941176470588236
0.8383838383838385,0.9941176470588236
0.8484848484848485,0.9941176470588236
0.8585858585858587,0.9941176470588236
0.8686868686868687,0.9952941176470589
0.8787878787878789,0.9964705882352941
0.888888888888889,0.9988235294117647
0.8989898989898991,0.9988235294117647
0.9090909090909092,0.9988235294117647
0.9191919191919192,1.0
0.9292929292929294,1.0
0.9393939393939394,1.0
0.9494949494949496,1.0
0.9595959595959597,1.0
0.9696969696969697,1.0
0.9797979797979799,1.0
0.98989898989899,1.0
1.0,1.0
