0.0,0.0
0.010101010101010102,0.37015406162464987
0.020202020202020204,0.4609383753501401
0.030303030303030304,0.5164705882352941
0.04040404040404041,0.5730392156862745
0.05050505050505051,0.6179131652661064
0.06060606060606061,0.6450980392156863
0.07070707070707072,0.6758123249299719
0.08080808080808081,0.69703081232493
0.09090909090909091,0.7241596638655463
0.10101010101010102,0.7477170868347339
0.11111111111111112,0.7760644257703081
0.12121212121212122,0.7972689075630252
0.13131313131313133,0.8090616246498599
0.14141414141414144,0.8243977591036413
0.15151515151515152,0.8338375350140057
0.16161616161616163,0.8373809523809523
0.17171717171717174,0.8444397759103642
0.18181818181818182,0.8467927170868348
0.19191919191919193,0.8526750700280112
0.20202020202020204,0.8597478991596639
0.21212121212121213,0.8715266106442577
0.22222222222222224,0.8738795518207283
0.23232323232323235,0.8762324929971989
0.24242424242424243,0.8785854341736694
0.25252525252525254,0.8833053221288516
0.26262626262626265,0.8903781512605043
0.27272727272727276,0.89390756302521
0.2828282828282829,0.8950840336134454
0.29292929292929293,0.8997899159663867
0.30303030303030304,0.9009663865546219
0.31313131313131315,0.9033193277310925
0.32323232323232326,0.9056722689075631
0.33333333333333337,0.9092016806722689
0.3434343434343435,0.9115546218487396
0.3535353535353536,0.918655462184874
0.36363636363636365,0.9198319327731094
0.37373737373737376,0.9233613445378153
0.38383838383838387,0.9280672268907564
0.393939393939394,0.9316246498599441
0.4040404040404041,0.9328151260504203
0.4141414141414142,0.9351680672268909
0.42424242424242425,0.9363445378151262
0.43434343434343436,0.941078431372549
0.4444444444444445,0.9481372549019607
0.4545454545454546,0.9504901960784313
0.4646464646464647,0.9516666666666665
0.4747474747474748,0.9516666666666665
0.48484848484848486,0.9540336134453782
0.494949494949495,0.9540336134453782
0.5050505050505051,0.9563865546218487
0.5151515151515152,0.9587394957983193
0.5252525252525253,0.9599299719887956
0.5353535353535354,0.9611064425770308
0.5454545454545455,0.9622969187675071
0.5555555555555556,0.9634733893557424
0.5656565656565657,0.9646498599439777
0.5757575757575758,0.9670028011204483
0.5858585858585859,0.9681932773109244
0.595959595959596,0.9693697478991596
0.6060606060606061,0.970546218487395
0.6161616161616162,0.9717226890756303
0.6262626262626263,0.9764285714285714
0.6363636363636365,0.9764285714285714
0.6464646464646465,0.9776050420168068
0.6565656565656566,0.978781512605042
0.6666666666666667,0.9811344537815125
0.6767676767676768,0.9811344537815125
0.686868686868687,0.9823109243697479
0.696969696969697,0.9834873949579832
0.7070707070707072,0.9846638655462184
0.7171717171717172,0.9870308123249301
0.7272727272727273,0.9893977591036414
0.7373737373737375,0.9905742296918767
0.7474747474747475,0.9905742296918767
0.7575757575757577,0.991750700280112
0.7676767676767677,0.991750700280112
0.7777777777777778,0.991750700280112
0.787878787878788,0.991750700280112
0.797979797979798,0.9929271708683473
0.8080808080808082,0.9929271708683473
0.8181818181818182,0.9929271708683473
0.8282828282828284,0.9929271708683473
0.8383838383838385,0.9941036414565826
0.8484848484848485,0.9941036414565826
0.8585858585858587,0.9941036414565826
0.8686868686868687,0.9941036414565826
0.8787878787878789,0.9941036414565826
0.888888888888889,0.9941036414565826
0.8989898989898991,0.9941036414565826
0.9090909090909092,0.9952801120448178
0.9191919191919192,0.9952801120448178
0.9292929292929294,0.996492233256939
0.9393939393939394,0.9976330532212885
0.9494949494949496,0.9976330532212885
0.9595959595959597,0.997723240811476
0.9696969696969697,0.9992513368983957
0.9797979797979799,1.0
0.98989898989899,1.0
1.0,1.0
