0.0,0.0
0.010101010101010102,0.2140845070422535
0.020202020202020204,0.2788732394366197
0.030303030303030304,0.29436619718309853
0.04040404040404041,0.34507042253521125
0.05050505050505051,0.38450704225352117
0.06060606060606061,0.4211267605633802
0.07070707070707072,0.4859154929577465
0.08080808080808081,0.523943661971831
0.09090909090909091,0.5422535211267605
0.10101010101010102,0.5746478873239438
0.11111111111111112,0.5929577464788732
0.12121212121212122,0.6014084507042253
0.13131313131313133,0.6253521126760563
0.14141414141414144,0.6309859154929577
0.15151515151515152,0.6380281690140845
0.16161616161616163,0.6535211267605634
0.17171717171717174,0.6633802816901408
0.18181818181818182,0.6788732394366196
0.19191919191919193,0.6901408450704226
0.20202020202020204,0.7126760563380283
0.21212121212121213,0.7338028169014085
0.22222222222222224,0.7408450704225353
0.23232323232323235,0.7591549295774647
0.24242424242424243,0.7676056338028169
0.25252525252525254,0.771830985915493
0.26262626262626265,0.7859154929577465
0.27272727272727276,0.7929577464788733
0.2828282828282829,0.795774647887324
0.29292929292929293,0.8112676056338028
0.30303030303030304,0.815492957746479
0.31313131313131315,0.8169014084507044
0.32323232323232326,0.823943661971831
0.33333333333333337,0.828169014084507
0.3434343434343435,0.8295774647887324
0.3535353535353536,0.8338028169014085
0.36363636363636365,0.8380281690140844
0.37373737373737376,0.8436619718309858
0.38383838383838387,0.8464788732394366
0.393939393939394,0.8535211267605634
0.4040404040404041,0.8591549295774648
0.4141414141414142,0.86056338028169
0.42424242424242425,0.8633802816901408
0.43434343434343436,0.8633802816901408
0.4444444444444445,0.8633802816901408
0.4545454545454546,0.871830985915493
0.4646464646464647,0.8746478873239436
0.4747474747474748,0.876056338028169
0.48484848484848486,0.8816901408450704
0.494949494949495,0.8873239436619718
0.5050505050505051,0.8929577464788732
0.5151515151515152,0.8929577464788732
0.5252525252525253,0.895774647887324
0.5353535353535354,0.8971830985915492
0.5454545454545455,0.9028169014084506
0.5555555555555556,0.9140845070422534
0.5656565656565657,0.9169014084507042
0.5757575757575758,0.9169014084507042
0.5858585858585859,0.9183098591549295
0.595959595959596,0.9225352112676054
0.6060606060606061,0.923943661971831
0.6161616161616162,0.9309859154929576
0.6262626262626263,0.9352112676056337
0.6363636363636365,0.9366197183098592
0.6464646464646465,0.9436619718309858
0.6565656565656566,0.9492957746478874
0.6666666666666667,0.952112676056338
0.6767676767676768,0.952112676056338
0.686868686868687,0.9549295774647888
0.696969696969697,0.9563380281690141
0.7070707070707072,0.9563380281690141
0.7171717171717172,0.963380281690141
0.7272727272727273,0.9647887323943662
0.7373737373737375,0.9661971830985916
0.7474747474747475,0.967605633802817
0.7575757575757577,0.9704225352112678
0.7676767676767677,0.976056338028169
0.7777777777777778,0.9788732394366196
0.787878787878788,0.9788732394366196
0.797979797979798,0.9788732394366196
0.8080808080808082,0.980281690140845
0.8181818181818182,0.9816901408450704
0.8282828282828284,0.9830985915492958
0.8383838383838385,0.9830985915492958
0.8484848484848485,0.9830985915492958
0.8585858585858587,0.984507042253521
0.8686868686868687,0.9873239436619718
0.8787878787878789,0.9873239436619718
0.888888888888889,0.9873239436619718
0.8989898989898991,0.991549295774648
0.9090909090909092,0.9929577464788732
0.9191919191919192,0.9929577464788732
0.9292929292929294,0.9957746478873238
0.9393939393939394,0.9971830985915492
0.9494949494949496,0.9985915492957746
0.9595959595959597,0.9985915492957746
0.9696969696969697,0.9985915492957746
0.9797979797979799,0.9985915492957746
0.98989898989899,1.0
1.0,1.0
