0.0,0.0
0.010101010101010102,0.1764486391571554
0.020202020202020204,0.2834503950834065
0.030303030303030304,0.31459613696224764
0.04040404040404041,0.34574187884108865
0.05050505050505051,0.3738805970149254
0.06060606060606061,0.3932396839332748
0.07070707070707072,0.4289069359086918
0.08080808080808081,0.45998683055311684
0.09090909090909091,0.485206321334504
0.10101010101010102,0.504433713784021
0.11111111111111112,0.5267559262510975
0.12121212121212122,0.5460930640913081
0.13131313131313133,0.5668788410886743
0.14141414141414144,0.5846795434591747
0.15151515151515152,0.5906057945566286
0.16161616161616163,0.6025021949078139
0.17171717171717174,0.6158691834942933
0.18181818181818182,0.6233099209833186
0.19191919191919193,0.6262510974539068
0.20202020202020204,0.6277436347673397
0.21212121212121213,0.645632133450395
0.22222222222222224,0.6664398595259
0.23232323232323235,0.6841747146619842
0.24242424242424243,0.6990342405618964
0.25252525252525254,0.7019754170324847
0.26262626262626265,0.7153863037752414
0.27272727272727276,0.7257901668129938
0.2828282828282829,0.731694468832309
0.29292929292929293,0.7391352063213346
0.30303030303030304,0.7435908691834943
0.31313131313131315,0.7539947322212466
0.32323232323232326,0.7539947322212466
0.33333333333333337,0.7629060579455663
0.3434343434343435,0.7687884108867428
0.3535353535353536,0.7805970149253731
0.36363636363636365,0.78801580333626
0.37373737373737376,0.7984196663740123
0.38383838383838387,0.8058165057067603
0.393939393939394,0.8117427568042143
0.4040404040404041,0.8235074626865672
0.4141414141414142,0.8279411764705882
0.42424242424242425,0.8412862159789288
0.43434343434343436,0.8442712906057945
0.4444444444444445,0.85171202809482
0.4545454545454546,0.8561457418788411
0.4646464646464647,0.869468832309043
0.4747474747474748,0.8739025460930641
0.48484848484848486,0.8872475856014047
0.494949494949495,0.8947102721685688
0.5050505050505051,0.9006145741878842
0.5151515151515152,0.902107111501317
0.5252525252525253,0.9080333625987709
0.5353535353535354,0.910996488147498
0.5454545454545455,0.915430201931519
0.5555555555555556,0.9183713784021073
0.5656565656565657,0.9213564530289731
0.5757575757575758,0.9242976294995613
0.5858585858585859,0.925790166812994
0.595959595959596,0.9287752414398597
0.6060606060606061,0.9332309043020194
0.6161616161616162,0.9377085162423178
0.6262626262626263,0.940649692712906
0.6363636363636365,0.9436347673397716
0.6464646464646465,0.9451053555750658
0.6565656565656566,0.9495390693590868
0.6666666666666667,0.9510096575943809
0.6767676767676768,0.9510096575943809
0.686868686868687,0.9539947322212466
0.696969696969697,0.9569578577699737
0.7070707070707072,0.9613915715539948
0.7171717171717172,0.9643766461808605
0.7272727272727273,0.9703028972783143
0.7373737373737375,0.9747585601404742
0.7474747474747475,0.9747585601404742
0.7575757575757577,0.9791703248463565
0.7676767676767677,0.9791703248463565
0.7777777777777778,0.9791703248463565
0.787878787878788,0.9806628621597893
0.797979797979798,0.9836479367866551
0.8080808080808082,0.9836479367866551
0.8181818181818182,0.9851185250219491
0.8282828282828284,0.9866110623353819
0.8383838383838385,0.9866110623353819
0.8484848484848485,0.9881035996488148
0.8585858585858587,0.9881035996488148
0.8686868686868687,0.9881035996488148
0.8787878787878789,0.9895741878841088
0.888888888888889,0.9925373134328359
0.8989898989898991,0.9940298507462686
0.9090909090909092,0.9940298507462686
0.9191919191919192,0.9955223880597014
0.9292929292929294,0.9970149253731343
0.9393939393939394,0.9985074626865671
0.9494949494949496,0.9985074626865671
0.9595959595959597,0.9985074626865671
0.9696969696969697,0.9985074626865671
0.9797979797979799,1.0
0.98989898989899,1.0
1.0,1.0
