0.0,0.0
0.010101010101010102,0.4965406162464986
0.020202020202020204,0.5766526610644257
0.030303030303030304,0.6238375350140055
0.04040404040404041,0.6769747899159664
0.05050505050505051,0.7193837535014006
0.06060606060606061,0.7618067226890757
0.07070707070707072,0.7877170868347338
0.08080808080808081,0.8006582633053221
0.09090909090909091,0.8183473389355742
0.10101010101010102,0.8313305322128851
0.11111111111111112,0.8443417366946779
0.12121212121212122,0.8537535014005602
0.13131313131313133,0.8584593837535014
0.14141414141414144,0.8678851540616245
0.15151515151515152,0.8784873949579832
0.16161616161616163,0.8902801120448179
0.17171717171717174,0.8961764705882354
0.18181818181818182,0.8985434173669468
0.19191919191919193,0.912703081232493
0.20202020202020204,0.9150560224089637
0.21212121212121213,0.9197759103641456
0.22222222222222224,0.9244957983193277
0.23232323232323235,0.9244957983193277
0.24242424242424243,0.9315686274509805
0.25252525252525254,0.9374509803921569
0.26262626262626265,0.9398039215686275
0.27272727272727276,0.942156862745098
0.2828282828282829,0.9445238095238097
0.29292929292929293,0.9468907563025211
0.30303030303030304,0.9480672268907563
0.31313131313131315,0.9492577030812324
0.32323232323232326,0.9504341736694677
0.33333333333333337,0.9551400560224088
0.3434343434343435,0.9575070028011204
0.3535353535353536,0.9575070028011204
0.36363636363636365,0.9598739495798319
0.37373737373737376,0.9646078431372549
0.38383838383838387,0.9681512605042016
0.393939393939394,0.9705182072829132
0.4040404040404041,0.9705182072829132
0.4141414141414142,0.9716946778711485
0.42424242424242425,0.9716946778711485
0.43434343434343436,0.9728711484593837
0.4444444444444445,0.974047619047619
0.4545454545454546,0.9775770308123249
0.4646464646464647,0.9775770308123249
0.4747474747474748,0.9799299719887955
0.48484848484848486,0.9811064425770308
0.494949494949495,0.9811064425770308
0.5050505050505051,0.9822829131652661
0.5151515151515152,0.9822829131652661
0.5252525252525253,0.9846358543417366
0.5353535353535354,0.9858263305322129
0.5454545454545455,0.9858263305322129
0.5555555555555556,0.9870028011204482
0.5656565656565657,0.9881792717086835
0.5757575757575758,0.9881792717086835
0.5858585858585859,0.9881792717086835
0.595959595959596,0.9881792717086835
0.6060606060606061,0.9881792717086835
0.6161616161616162,0.9893697478991598
0.6262626262626263,0.9905602240896357
0.6363636363636365,0.9905602240896357
0.6464646464646465,0.9905602240896357
0.6565656565656566,0.9905602240896357
0.6666666666666667,0.9905602240896357
0.6767676767676768,0.9905602240896357
0.686868686868687,0.9905602240896357
0.696969696969697,0.9905602240896357
0.7070707070707072,0.9905602240896357
0.7171717171717172,0.9905602240896357
0.7272727272727273,0.991750700280112
0.7373737373737375,0.991750700280112
0.7474747474747475,0.9929271708683473
0.7575757575757577,0.9929271708683473
0.7676767676767677,0.9941036414565826
0.7777777777777778,0.9941036414565826
0.787878787878788,0.9952801120448178
0.797979797979798,0.9952801120448178
0.8080808080808082,0.9952801120448178
0.8181818181818182,0.9952801120448178
0.8282828282828284,0.9952801120448178
0.8383838383838385,0.9964565826330531
0.8484848484848485,0.9964565826330531
0.8585858585858587,0.9976470588235294
0.8686868686868687,0.9976470588235294
0.8787878787878789,0.9976470588235294
0.888888888888889,0.9976470588235294
0.8989898989898991,0.9988235294117647
0.9090909090909092,0.9988235294117647
0.9191919191919192,0.9988235294117647
0.9292929292929294,0.9988235294117647
0.9393939393939394,0.9988235294117647
0.9494949494949496,0.9988235294117647
0.9595959595959597,1.0
0.9696969696969697,1.0
0.9797979797979799,1.0
0.98989898989899,1.0
1.0,1.0
