0.0,1.0
0.010101010101010102,1.0
0.020202020202020204,1.0
0.030303030303030304,1.0
0.04040404040404041,1.0
0.05050505050505051,1.0
0.06060606060606061,1.0
0.07070707070707072,1.0
0.08080808080808081,1.0
0.09090909090909091,1.0
0.10101010101010102,1.0
0.11111111111111112,1.0
0.12121212121212122,1.0
0.13131313131313133,1.0
0.14141414141414144,1.0
0.15151515151515152,1.0
0.16161616161616163,1.0
0.17171717171717174,1.0
0.18181818181818182,1.0
0.19191919191919193,1.0
0.20202020202020204,1.0
0.21212121212121213,1.0
0.22222222222222224,1.0
0.23232323232323235,1.0
0.24242424242424243,1.0
0.25252525252525254,0.9976470588235294
0.26262626262626265,0.9976470588235294
0.27272727272727276,0.9976470588235294
0.2828282828282829,0.9964705882352941
0.29292929292929293,0.9917366946778712
0.30303030303030304,0.9882072829131653
0.31313131313131315,0.9882072829131653
0.32323232323232326,0.9882072829131653
0.33333333333333337,0.9858543417366947
0.3434343434343435,0.9858543417366947
0.3535353535353536,0.9835014005602242
0.36363636363636365,0.9811484593837536
0.37373737373737376,0.9799719887955183
0.38383838383838387,0.9740896358543418
0.393939393939394,0.9740896358543418
0.4040404040404041,0.9729131652661065
0.4141414141414142,0.970546218487395
0.42424242424242425,0.9658403361344539
0.43434343434343436,0.9658403361344539
0.4444444444444445,0.9634733893557424
0.4545454545454546,0.9611204481792719
0.4646464646464647,0.957591036414566
0.4747474747474748,0.9540616246498601
0.48484848484848486,0.949327731092437
0.494949494949495,0.9481512605042017
0.5050505050505051,0.9469747899159664
0.5151515151515152,0.9446218487394958
0.5252525252525253,0.9410644257703081
0.5353535353535354,0.936344537815126
0.5454545454545455,0.9316386554621848
0.5555555555555556,0.9269327731092437
0.5656565656565657,0.923375350140056
0.5757575757575758,0.9210084033613445
0.5858585858585859,0.9198319327731092
0.595959595959596,0.913935574229692
0.6060606060606061,0.9057002801120448
0.6161616161616162,0.9033473389355743
0.6262626262626263,0.8998179271708684
0.6363636363636365,0.8962885154061626
0.6464646464646465,0.8903921568627453
0.6565656565656566,0.889201680672269
0.6666666666666667,0.8797478991596639
0.6767676767676768,0.8738375350140055
0.686868686868687,0.8703081232492996
0.696969696969697,0.8644257703081232
0.7070707070707072,0.8514565826330532
0.7171717171717172,0.8361064425770307
0.7272727272727273,0.8302240896358543
0.7373737373737375,0.825518207282913
0.7474747474747475,0.8184453781512605
0.7575757575757577,0.8066526610644257
0.7676767676767677,0.8019327731092435
0.7777777777777778,0.7925210084033611
0.787878787878788,0.7866386554621847
0.797979797979798,0.7736694677871147
0.8080808080808082,0.7559663865546218
0.8181818181818182,0.7371008403361344
0.8282828282828284,0.731218487394958
0.8383838383838385,0.7182212885154062
0.8484848484848485,0.7087535014005601
0.8585858585858587,0.699327731092437
0.8686868686868687,0.6840056022408965
0.8787878787878789,0.6545518207282914
0.888888888888889,0.6086274509803923
0.8989898989898991,0.595686274509804
0.9090909090909092,0.5508403361344538
0.9191919191919192,0.5401960784313726
0.9292929292929294,0.5105742296918767
0.9393939393939394,0.470546218487395
0.9494949494949496,0.41878151260504204
0.9595959595959597,0.3031932773109243
0.9696969696969697,0.24788515406162462
0.9797979797979799,0.19718487394957981
0.98989898989899,0.19718487394957981
1.0,0.0
