0.0,1.0
0.010101010101010102,1.0
0.020202020202020204,1.0
0.030303030303030304,1.0
0.04040404040404041,1.0
0.05050505050505051,1.0
0.06060606060606061,1.0
0.07070707070707072,1.0
0.08080808080808081,1.0
0.09090909090909091,1.0
0.10101010101010102,1.0
0.11111111111111112,1.0
0.12121212121212122,1.0
0.13131313131313133,1.0
0.14141414141414144,1.0
0.15151515151515152,1.0
0.16161616161616163,1.0
0.17171717171717174,1.0
0.18181818181818182,1.0
0.19191919191919193,1.0
0.20202020202020204,1.0
0.21212121212121213,0.9990269269196667
0.22222222222222224,0.9964705882352941
0.23232323232323235,0.991764705882353
0.24242424242424243,0.9870588235294118
0.25252525252525254,0.983529411764706
0.26262626262626265,0.9811624649859944
0.27272727272727276,0.9787955182072829
0.2828282828282829,0.9776190476190477
0.29292929292929293,0.9740756302521009
0.30303030303030304,0.970546218487395
0.31313131313131315,0.9693697478991596
0.32323232323232326,0.9670168067226891
0.33333333333333337,0.9634733893557422
0.3434343434343435,0.962296918767507
0.3535353535353536,0.9564005602240897
0.36363636363636365,0.9516946778711486
0.37373737373737376,0.9481652661064427
0.38383838383838387,0.9434453781512605
0.393939393939394,0.9399159663865546
0.4040404040404041,0.9363725490196078
0.4141414141414142,0.9340196078431372
0.42424242424242425,0.9316666666666666
0.43434343434343436,0.9269467787114845
0.4444444444444445,0.9245938375350139
0.4545454545454546,0.9198739495798319
0.4646464646464647,0.9104621848739495
0.4747474747474748,0.9034033613445377
0.48484848484848486,0.9010364145658262
0.494949494949495,0.9010364145658262
0.5050505050505051,0.8998599439775908
0.5151515151515152,0.891624649859944
0.5252525252525253,0.8892717086834734
0.5353535353535354,0.8809803921568629
0.5454545454545455,0.877436974789916
0.5555555555555556,0.8750700280112046
0.5656565656565657,0.8644117647058824
0.5757575757575758,0.8585154061624651
0.5858585858585859,0.8549859943977591
0.595959595959596,0.8502801120448179
0.6060606060606061,0.8491036414565827
0.6161616161616162,0.8420448179271709
0.6262626262626263,0.8408683473389356
0.6363636363636365,0.8396918767507003
0.6464646464646465,0.8326050420168067
0.6565656565656566,0.8314285714285715
0.6666666666666667,0.8196638655462186
0.6767676767676768,0.812577030812325
0.686868686868687,0.800812324929972
0.696969696969697,0.7972829131652661
0.7070707070707072,0.7937535014005602
0.7171717171717172,0.792563025210084
0.7272727272727273,0.7842997198879551
0.7373737373737375,0.7759803921568627
0.7474747474747475,0.7594957983193277
0.7575757575757577,0.752436974789916
0.7676767676767677,0.7441736694677872
0.7777777777777778,0.7193557422969188
0.787878787878788,0.7110784313725491
0.797979797979798,0.7051960784313726
0.8080808080808082,0.702843137254902
0.8181818181818182,0.6946078431372549
0.8282828282828284,0.6769467787114847
0.8383838383838385,0.673389355742297
0.8484848484848485,0.6651260504201681
0.8585858585858587,0.6592436974789917
0.8686868686868687,0.6039355742296919
0.8787878787878789,0.5461904761904761
0.888888888888889,0.5085434173669469
0.8989898989898991,0.48246498599439774
0.9090909090909092,0.455406162464986
0.9191919191919192,0.42714285714285716
0.9292929292929294,0.41537815126050415
0.9393939393939394,0.4106302521008403
0.9494949494949496,0.38354341736694675
0.9595959595959597,0.3658963585434174
0.9696969696969697,0.3375210084033614
0.9797979797979799,0.315
0.98989898989899,0.30323529411764705
1.0,0.0
