0.0,1.0
0.010101010101010102,1.0
0.020202020202020204,1.0
0.030303030303030304,1.0
0.04040404040404041,1.0
0.05050505050505051,1.0
0.06060606060606061,1.0
0.07070707070707072,1.0
0.08080808080808081,1.0
0.09090909090909091,1.0
0.10101010101010102,1.0
0.11111111111111112,1.0
0.12121212121212122,1.0
0.13131313131313133,1.0
0.14141414141414144,1.0
0.15151515151515152,1.0
0.16161616161616163,1.0
0.17171717171717174,1.0
0.18181818181818182,1.0
0.19191919191919193,1.0
0.20202020202020204,1.0
0.21212121212121213,0.9976330532212885
0.22222222222222224,0.9834873949579832
0.23232323232323235,0.9728991596638655
0.24242424242424243,0.9611344537815126
0.25252525252525254,0.9469747899159664
0.26262626262626265,0.9399019607843137
0.27272727272727276,0.9269467787114845
0.2828282828282829,0.9198879551820728
0.29292929292929293,0.9116526610644258
0.30303030303030304,0.8986974789915967
0.31313131313131315,0.8821568627450981
0.32323232323232326,0.8692016806722689
0.33333333333333337,0.856218487394958
0.3434343434343435,0.8538655462184874
0.3535353535353536,0.8503361344537815
0.36363636363636365,0.8384873949579832
0.37373737373737376,0.8337535014005601
0.38383838383838387,0.8231652661064425
0.393939393939394,0.8184313725490195
0.4040404040404041,0.8148879551820729
0.4141414141414142,0.8090056022408965
0.42424242424242425,0.7972408963585434
0.43434343434343436,0.7937114845938376
0.4444444444444445,0.7631232492997199
0.4545454545454546,0.7501260504201681
0.4646464646464647,0.7442156862745098
0.4747474747474748,0.7383053221288515
0.48484848484848486,0.7265266106442577
0.494949494949495,0.7182773109243697
0.5050505050505051,0.6981792717086834
0.5151515151515152,0.6864005602240897
0.5252525252525253,0.6733333333333333
0.5353535353535354,0.6591876750700278
0.5454545454545455,0.6378851540616246
0.5555555555555556,0.6260924369747899
0.5656565656565657,0.6178571428571429
0.5757575757575758,0.6155042016806723
0.5858585858585859,0.6084453781512605
0.595959595959596,0.5906862745098038
0.6060606060606061,0.5718627450980392
0.6161616161616162,0.5695098039215687
0.6262626262626263,0.5552661064425769
0.6363636363636365,0.5293277310924369
0.6464646464646465,0.5105042016806721
0.6565656565656566,0.5046218487394957
0.6666666666666667,0.4763305322128851
0.6767676767676768,0.4728011204481793
0.686868686868687,0.4692577030812325
0.696969696969697,0.45631652661064426
0.7070707070707072,0.4469047619047619
0.7171717171717172,0.392703081232493
0.7272727272727273,0.38088235294117645
0.7373737373737375,0.35113445378151253
0.7474747474747475,0.3358403361344538
0.7575757575757577,0.33347338935574233
0.7676767676767677,0.31700280112044815
0.7777777777777778,0.3134593837535014
0.787878787878788,0.3087535014005602
0.797979797979798,0.304047619047619
0.8080808080808082,0.2946358543417366
0.8181818181818182,0.2887254901960784
0.8282828282828284,0.27810924369747897
0.8383838383838385,0.24634453781512605
0.8484848484848485,0.22630252100840337
0.8585858585858587,0.18865546218487395
0.8686868686868687,0.18277310924369744
0.8787878787878789,0.1768487394957983
0.888888888888889,0.17096638655462185
0.8989898989898991,0.1639075630252101
0.9090909090909092,0.15446778711484593
0.9191919191919192,0.1474089635854342
0.9292929292929294,0.14505602240896362
0.9393939393939394,0.13329131652661064
0.9494949494949496,0.1261484593837535
0.9595959595959597,0.11791316526610644
0.9696969696969697,0.11791316526610644
0.9797979797979799,0.11791316526610644
0.98989898989899,0.11791316526610644
1.0,0.0
