0.0,1.0
0.010101010101010102,1.0
0.020202020202020204,1.0
0.030303030303030304,1.0
0.04040404040404041,1.0
0.05050505050505051,1.0
0.06060606060606061,1.0
0.07070707070707072,1.0
0.08080808080808081,1.0
0.09090909090909091,1.0
0.10101010101010102,1.0
0.11111111111111112,1.0
0.12121212121212122,1.0
0.13131313131313133,1.0
0.14141414141414144,1.0
0.15151515151515152,1.0
0.16161616161616163,1.0
0.17171717171717174,1.0
0.18181818181818182,1.0
0.19191919191919193,1.0
0.20202020202020204,1.0
0.21212121212121213,1.0
0.22222222222222224,1.0
0.23232323232323235,1.0
0.24242424242424243,1.0
0.25252525252525254,1.0
0.26262626262626265,1.0
0.27272727272727276,1.0
0.2828282828282829,1.0
0.29292929292929293,1.0
0.30303030303030304,1.0
0.31313131313131315,1.0
0.32323232323232326,1.0
0.33333333333333337,1.0
0.3434343434343435,1.0
0.3535353535353536,1.0
0.36363636363636365,1.0
0.37373737373737376,0.9988235294117647
0.38383838383838387,0.9941176470588236
0.393939393939394,0.9929411764705882
0.4040404040404041,0.9894117647058824
0.4141414141414142,0.9882352941176471
0.42424242424242425,0.9870588235294118
0.43434343434343436,0.9847058823529412
0.4444444444444445,0.9799859943977591
0.4545454545454546,0.9799859943977591
0.4646464646464647,0.9787955182072829
0.4747474747474748,0.9752521008403361
0.48484848484848486,0.9717226890756303
0.494949494949495,0.9693557422969187
0.5050505050505051,0.9681792717086835
0.5151515151515152,0.9670028011204481
0.5252525252525253,0.962296918767507
0.5353535353535354,0.9587535014005603
0.5454545454545455,0.9552100840336134
0.5555555555555556,0.9528571428571428
0.5656565656565657,0.9516806722689075
0.5757575757575758,0.945798319327731
0.5858585858585859,0.9386974789915966
0.595959595959596,0.9363165266106442
0.6060606060606061,0.9198179271708684
0.6161616161616162,0.9045238095238096
0.6262626262626263,0.893921568627451
0.6363636363636365,0.8927450980392158
0.6464646464646465,0.8880392156862745
0.6565656565656566,0.8833193277310925
0.6666666666666667,0.8785854341736694
0.6767676767676768,0.8738795518207283
0.686868686868687,0.8632913165266105
0.696969696969697,0.8573949579831932
0.7070707070707072,0.8538515406162464
0.7171717171717172,0.8397198879551819
0.7272727272727273,0.836190476190476
0.7373737373737375,0.8255742296918767
0.7474747474747475,0.8173249299719887
0.7575757575757577,0.8090896358543416
0.7676767676767677,0.7996778711484593
0.7777777777777778,0.7973109243697477
0.787878787878788,0.7878991596638654
0.797979797979798,0.7524929971988795
0.8080808080808082,0.7442156862745098
0.8181818181818182,0.7312464985994398
0.8282828282828284,0.7241876750700281
0.8383838383838385,0.7135574229691877
0.8484848484848485,0.6946918767507003
0.8585858585858587,0.6746918767507003
0.8686868686868687,0.6676050420168067
0.8787878787878789,0.6476050420168067
0.888888888888889,0.600518207282913
0.8989898989898991,0.5637675070028011
0.9090909090909092,0.5308263305322128
0.9191919191919192,0.5119747899159665
0.9292929292929294,0.48959383753501406
0.9393939393939394,0.46717086834733895
0.9494949494949496,0.4412605042016807
0.9595959595959597,0.4094117647058824
0.9696969696969697,0.33879551820728293
0.9797979797979799,0.3035014005602241
0.98989898989899,0.25350140056022413
1.0,0.0
