0.0,1.0
0.010101010101010102,1.0
0.020202020202020204,1.0
0.030303030303030304,1.0
0.04040404040404041,1.0
0.05050505050505051,1.0
0.06060606060606061,1.0
0.07070707070707072,1.0
0.08080808080808081,1.0
0.09090909090909091,1.0
0.10101010101010102,1.0
0.11111111111111112,1.0
0.12121212121212122,1.0
0.13131313131313133,1.0
0.14141414141414144,1.0
0.15151515151515152,1.0
0.16161616161616163,1.0
0.17171717171717174,1.0
0.18181818181818182,1.0
0.19191919191919193,1.0
0.20202020202020204,1.0
0.21212121212121213,1.0
0.22222222222222224,0.9964565826330531
0.23232323232323235,0.9941036414565826
0.24242424242424243,0.9929271708683473
0.25252525252525254,0.991750700280112
0.26262626262626265,0.9905742296918767
0.27272727272727276,0.9823109243697479
0.2828282828282829,0.9799579831932773
0.29292929292929293,0.9740756302521009
0.30303030303030304,0.9693697478991596
0.31313131313131315,0.9646638655462185
0.32323232323232326,0.9611204481792719
0.33333333333333337,0.957563025210084
0.3434343434343435,0.9552100840336134
0.3535353535353536,0.949313725490196
0.36363636363636365,0.9469607843137254
0.37373737373737376,0.9339915966386556
0.38383838383838387,0.9316386554621848
0.393939393939394,0.9221848739495799
0.4040404040404041,0.918655462184874
0.4141414141414142,0.9103781512605043
0.42424242424242425,0.9056722689075631
0.43434343434343436,0.9033193277310925
0.4444444444444445,0.9033193277310925
0.4545454545454546,0.8962605042016806
0.4646464646464647,0.89390756302521
0.4747474747474748,0.8868487394957982
0.48484848484848486,0.8785994397759105
0.494949494949495,0.8762324929971989
0.5050505050505051,0.872703081232493
0.5151515151515152,0.8632913165266107
0.5252525252525253,0.8585854341736695
0.5353535353535354,0.8550420168067226
0.5454545454545455,0.8456162464985996
0.5555555555555556,0.8420868347338937
0.5656565656565657,0.8373809523809526
0.5757575757575758,0.8362044817927172
0.5858585858585859,0.8338515406162464
0.595959595959596,0.8303221288515406
0.6060606060606061,0.8220448179271708
0.6161616161616162,0.8185154061624649
0.6262626262626263,0.806750700280112
0.6363636363636365,0.7984733893557422
0.6464646464646465,0.779607843137255
0.6565656565656566,0.7607703081232493
0.6666666666666667,0.7324929971988796
0.6767676767676768,0.7219047619047619
0.686868686868687,0.7112464985994398
0.696969696969697,0.7029971988795518
0.7070707070707072,0.6935014005602241
0.7171717171717172,0.6817086834733893
0.7272727272727273,0.6664005602240897
0.7373737373737375,0.6464005602240896
0.7474747474747475,0.6120028011204481
0.7575757575757577,0.6014145658263306
0.7676767676767677,0.5942857142857143
0.7777777777777778,0.5730532212885154
0.787878787878788,0.5624509803921568
0.797979797979798,0.5292156862745098
0.8080808080808082,0.5197899159663865
0.8181818181818182,0.5092016806722689
0.8282828282828284,0.505672268907563
0.8383838383838385,0.49037815126050416
0.8484848484848485,0.47974789915966387
0.8585858585858587,0.4714845938375351
0.8686868686868687,0.455014005602241
0.8787878787878789,0.41617647058823526
0.888888888888889,0.4043417366946779
0.8989898989898991,0.400812324929972
0.9090909090909092,0.3712885154061625
0.9191919191919192,0.3536134453781513
0.9292929292929294,0.332436974789916
0.9393939393939394,0.23117647058823526
0.9494949494949496,0.21453781512605036
0.9595959595959597,0.18747899159663867
0.9696969696969697,0.1484593837535014
0.9797979797979799,0.12845938375350138
0.98989898989899,0.12845938375350138
1.0,0.0
