0.0,1.0
0.010101010101010102,1.0
0.020202020202020204,1.0
0.030303030303030304,1.0
0.04040404040404041,1.0
0.05050505050505051,1.0
0.06060606060606061,1.0
0.07070707070707072,1.0
0.08080808080808081,1.0
0.09090909090909091,1.0
0.10101010101010102,1.0
0.11111111111111112,1.0
0.12121212121212122,1.0
0.13131313131313133,1.0
0.14141414141414144,1.0
0.15151515151515152,1.0
0.16161616161616163,1.0
0.17171717171717174,1.0
0.18181818181818182,1.0
0.19191919191919193,1.0
0.20202020202020204,1.0
0.21212121212121213,1.0
0.22222222222222224,1.0
0.23232323232323235,1.0
0.24242424242424243,1.0
0.25252525252525254,1.0
0.26262626262626265,1.0
0.27272727272727276,1.0
0.2828282828282829,1.0
0.29292929292929293,1.0
0.30303030303030304,1.0
0.31313131313131315,1.0
0.32323232323232326,1.0
0.33333333333333337,1.0
0.3434343434343435,1.0
0.3535353535353536,1.0
0.36363636363636365,0.9985915492957746
0.37373737373737376,0.991549295774648
0.38383838383838387,0.9830985915492958
0.393939393939394,0.9816901408450704
0.4040404040404041,0.976056338028169
0.4141414141414142,0.967605633802817
0.42424242424242425,0.9521126760563382
0.43434343434343436,0.9450704225352112
0.4444444444444445,0.9352112676056338
0.4545454545454546,0.9253521126760562
0.4646464646464647,0.9084507042253522
0.4747474747474748,0.9014084507042253
0.48484848484848486,0.8901408450704225
0.494949494949495,0.8788732394366197
0.5050505050505051,0.8732394366197183
0.5151515151515152,0.8704225352112674
0.5252525252525253,0.8619718309859155
0.5353535353535354,0.852112676056338
0.5454545454545455,0.8450704225352113
0.5555555555555556,0.8408450704225352
0.5656565656565657,0.8338028169014085
0.5757575757575758,0.8225352112676056
0.5858585858585859,0.8169014084507042
0.595959595959596,0.8070422535211268
0.6060606060606061,0.8014084507042254
0.6161616161616162,0.7887323943661972
0.6262626262626263,0.771830985915493
0.6363636363636365,0.7619718309859155
0.6464646464646465,0.752112676056338
0.6565656565656566,0.7267605633802817
0.6666666666666667,0.6845070422535212
0.6767676767676768,0.6788732394366198
0.686868686868687,0.6633802816901408
0.696969696969697,0.6394366197183099
0.7070707070707072,0.6366197183098591
0.7171717171717172,0.5718309859154929
0.7272727272727273,0.5507042253521127
0.7373737373737375,0.5464788732394366
0.7474747474747475,0.5408450704225352
0.7575757575757577,0.4929577464788732
0.7676767676767677,0.4774647887323943
0.7777777777777778,0.476056338028169
0.787878787878788,0.4633802816901409
0.797979797979798,0.4436619718309859
0.8080808080808082,0.3915492957746479
0.8181818181818182,0.3408450704225352
0.8282828282828284,0.3183098591549295
0.8383838383838385,0.30422535211267604
0.8484848484848485,0.30281690140845063
0.8585858585858587,0.29154929577464783
0.8686868686868687,0.2873239436619718
0.8787878787878789,0.28309859154929573
0.888888888888889,0.2732394366197183
0.8989898989898991,0.2732394366197183
0.9090909090909092,0.2676056338028169
0.9191919191919192,0.2619718309859155
0.9292929292929294,0.22535211267605632
0.9393939393939394,0.19859154929577466
0.9494949494949496,0.19295774647887323
0.9595959595959597,0.18309859154929578
0.9696969696969697,0.14507042253521127
0.9797979797979799,0.14507042253521127
0.98989898989899,0.14507042253521127
1.0,0.0
