0.0,1.0
0.010101010101010102,1.0
0.020202020202020204,1.0
0.030303030303030304,1.0
0.04040404040404041,1.0
0.05050505050505051,1.0
0.06060606060606061,1.0
0.07070707070707072,1.0
0.08080808080808081,1.0
0.09090909090909091,1.0
0.10101010101010102,1.0
0.11111111111111112,1.0
0.12121212121212122,1.0
0.13131313131313133,1.0
0.14141414141414144,1.0
0.15151515151515152,1.0
0.16161616161616163,1.0
0.17171717171717174,1.0
0.18181818181818182,1.0
0.19191919191919193,1.0
0.20202020202020204,1.0
0.21212121212121213,1.0
0.22222222222222224,1.0
0.23232323232323235,1.0
0.24242424242424243,1.0
0.25252525252525254,1.0
0.26262626262626265,1.0
0.27272727272727276,1.0
0.2828282828282829,0.9985074626865671
0.29292929292929293,0.9925373134328359
0.30303030303030304,0.9881035996488148
0.31313131313131315,0.9851185250219491
0.32323232323232326,0.9791703248463565
0.33333333333333337,0.9702809482001756
0.3434343434343435,0.9525021949078137
0.3535353535353536,0.9480684811237927
0.36363636363636365,0.9361281826163301
0.37373737373737376,0.925790166812994
0.38383838383838387,0.9198639157155402
0.393939393939394,0.8992317822651449
0.4040404040404041,0.8843722563652326
0.4141414141414142,0.8458077260755047
0.42424242424242425,0.8148375768217736
0.43434343434343436,0.7970588235294117
0.4444444444444445,0.7837357330992097
0.4545454545454546,0.7733318700614575
0.4646464646464647,0.7540825285338016
0.4747474747474748,0.730377524143986
0.48484848484848486,0.7288849868305531
0.494949494949495,0.7169446883230906
0.5050505050505051,0.7051360842844601
0.5151515151515152,0.6858428446005267
0.5252525252525253,0.6813652326602283
0.5353535353535354,0.6709394205443371
0.5454545454545455,0.6412203687445127
0.5555555555555556,0.6307726075504829
0.5656565656565657,0.6189640035118525
0.5757575757575758,0.6160228270412643
0.5858585858585859,0.5878402107111501
0.595959595959596,0.5789288849868305
0.6060606060606061,0.572980684811238
0.6161616161616162,0.5492317822651448
0.6262626262626263,0.5462686567164179
0.6363636363636365,0.523990342405619
0.6464646464646465,0.5120719929762949
0.6565656565656566,0.5016242317822651
0.6666666666666667,0.48683055311676915
0.6767676767676768,0.477963125548727
0.686868686868687,0.4585820895522388
0.696969696969697,0.4555970149253731
0.7070707070707072,0.43197980684811244
0.7171717171717172,0.4230465320456541
0.7272727272727273,0.4037093942054434
0.7373737373737375,0.39475417032484633
0.7474747474747475,0.37537313432835817
0.7575757575757577,0.35601404741000875
0.7676767676767677,0.34416154521510095
0.7777777777777778,0.32928007023705
0.787878787878788,0.3174934152765584
0.797979797979798,0.3160008779631256
0.8080808080808082,0.3115671641791045
0.8181818181818182,0.30711150131694465
0.8282828282828284,0.30263388937664615
0.8383838383838385,0.2833625987708517
0.8484848484848485,0.25954784899034244
0.8585858585858587,0.2492537313432836
0.8686868686868687,0.24776119402985075
0.8787878787878789,0.24776119402985075
0.888888888888889,0.24040825285338013
0.8989898989898991,0.21055750658472344
0.9090909090909092,0.18678665496049165
0.9191919191919192,0.17061018437225633
0.9292929292929294,0.16167690956979805
0.9393939393939394,0.15869183494293237
0.9494949494949496,0.15869183494293237
0.9595959595959597,0.15280948200175593
0.9696969696969697,0.15280948200175593
0.9797979797979799,0.15280948200175593
0.98989898989899,0.15280948200175593
1.0,0.0
