0.0,1.0
0.010101010101010102,1.0
0.020202020202020204,1.0
0.030303030303030304,1.0
0.04040404040404041,1.0
0.05050505050505051,1.0
0.06060606060606061,1.0
0.07070707070707072,1.0
0.08080808080808081,1.0
0.09090909090909091,1.0
0.10101010101010102,1.0
0.11111111111111112,1.0
0.12121212121212122,1.0
0.13131313131313133,1.0
0.14141414141414144,1.0
0.15151515151515152,1.0
0.16161616161616163,1.0
0.17171717171717174,1.0
0.18181818181818182,1.0
0.19191919191919193,1.0
0.20202020202020204,1.0
0.21212121212121213,1.0
0.22222222222222224,1.0
0.23232323232323235,1.0
0.24242424242424243,1.0
0.25252525252525254,1.0
0.26262626262626265,1.0
0.27272727272727276,1.0
0.2828282828282829,1.0
0.29292929292929293,1.0
0.30303030303030304,1.0
0.31313131313131315,1.0
0.32323232323232326,1.0
0.33333333333333337,1.0
0.3434343434343435,1.0
0.3535353535353536,1.0
0.36363636363636365,0.9988235294117647
0.37373737373737376,0.9988235294117647
0.38383838383838387,0.9964565826330531
0.393939393939394,0.9952801120448178
0.4040404040404041,0.9952801120448178
0.4141414141414142,0.9929271708683473
0.42424242424242425,0.9905602240896357
0.43434343434343436,0.9905602240896357
0.4444444444444445,0.9905602240896357
0.4545454545454546,0.9905602240896357
0.4646464646464647,0.9881792717086835
0.4747474747474748,0.9881792717086835
0.48484848484848486,0.9870028011204482
0.494949494949495,0.9858263305322129
0.5050505050505051,0.9834593837535014
0.5151515151515152,0.9811064425770308
0.5252525252525253,0.9811064425770308
0.5353535353535354,0.9752240896358544
0.5454545454545455,0.9716946778711485
0.5555555555555556,0.9716946778711485
0.5656565656565657,0.9705182072829132
0.5757575757575758,0.9657703081232493
0.5858585858585859,0.9610504201680671
0.595959595959596,0.9575070028011204
0.6060606060606061,0.9527871148459383
0.6161616161616162,0.9480672268907563
0.6262626262626263,0.9468907563025211
0.6363636363636365,0.9457002801120449
0.6464646464646465,0.9433333333333334
0.6565656565656566,0.9409803921568628
0.6666666666666667,0.9362745098039216
0.6767676767676768,0.9280252100840336
0.686868686868687,0.9244957983193277
0.696969696969697,0.9221288515406162
0.7070707070707072,0.9150560224089637
0.7171717171717172,0.9044117647058825
0.7272727272727273,0.9020588235294118
0.7373737373737375,0.8961764705882354
0.7474747474747475,0.8902801120448179
0.7575757575757577,0.8820448179271709
0.7676767676767677,0.8667086834733893
0.7777777777777778,0.8584593837535014
0.787878787878788,0.8525770308123249
0.797979797979798,0.849047619047619
0.8080808080808082,0.8431652661064426
0.8181818181818182,0.8313305322128851
0.8282828282828284,0.82187675070028
0.8383838383838385,0.8065406162464985
0.8484848484848485,0.7912464985994397
0.8585858585858587,0.7747619047619047
0.8686868686868687,0.7618067226890756
0.8787878787878789,0.7229271708683473
0.888888888888889,0.7040896358543417
0.8989898989898991,0.6899159663865546
0.9090909090909092,0.6581372549019607
0.9191919191919192,0.6451260504201681
0.9292929292929294,0.5896918767507003
0.9393939393939394,0.5601820728291316
0.9494949494949496,0.5365686274509803
0.9595959595959597,0.5153641456582633
0.9696969696969697,0.49301120448179275
0.9797979797979799,0.4211904761904762
0.98989898989899,0.41766106442577033
1.0,0.0
